timestamp,regime_id,regime_label,regime_probability,is_confirmed,consecutive_bars,is_flickering,trend_gate_raw_state,trend_gate_confirmed_state,trend_gate_cap,strategy_target_allocation_pct,final_allocation_pct
2020-04-27 00:00:00+00:00,0,BEAR,1.0,True,1,False,BEAR_STRUCTURE,BEAR_STRUCTURE,0.3,0.95,0.3
2020-04-28 00:00:00+00:00,0,BEAR,1.0,True,2,False,BEAR_STRUCTURE,BEAR_STRUCTURE,0.3,0.95,0.3
2020-04-29 00:00:00+00:00,0,BEAR,0.9999999827864486,True,3,False,TRANSITION,BEAR_STRUCTURE,0.3,0.95,0.3
2020-04-30 00:00:00+00:00,0,BEAR,0.9999999353572114,True,4,False,TRANSITION,BEAR_STRUCTURE,0.3,0.95,0.3
2020-05-01 00:00:00+00:00,0,BEAR,0.9999401501070763,True,5,False,TRANSITION,BEAR_STRUCTURE,0.3,0.95,0.3
2020-05-02 00:00:00+00:00,0,BEAR,0.9974535537781303,True,6,False,TRANSITION,BEAR_STRUCTURE,0.3,0.95,0.3
2020-05-03 00:00:00+00:00,0,BEAR,0.9999410731643653,True,7,False,TRANSITION,TRANSITION,0.6,0.95,0.6
2020-05-04 00:00:00+00:00,0,BEAR,0.9999999999868123,True,8,False,TRANSITION,TRANSITION,0.6,0.95,0.6
2020-05-05 00:00:00+00:00,0,BEAR,1.0,True,9,False,TRANSITION,TRANSITION,0.6,0.95,0.6
2020-05-06 00:00:00+00:00,0,BEAR,1.0,True,10,False,TRANSITION,TRANSITION,0.6,0.95,0.6
2020-05-07 00:00:00+00:00,0,BEAR,1.0,True,11,False,TRANSITION,TRANSITION,0.6,0.95,0.6
2020-05-08 00:00:00+00:00,0,BEAR,1.0,True,12,False,TRANSITION,TRANSITION,0.6,0.95,0.6
2020-05-09 00:00:00+00:00,0,BEAR,1.0,True,13,False,TRANSITION,TRANSITION,0.6,0.95,0.6
2020-05-10 00:00:00+00:00,0,BEAR,1.0,True,14,False,TRANSITION,TRANSITION,0.6,0.95,0.6
2020-05-11 00:00:00+00:00,0,BEAR,0.9999999903843673,True,15,False,TRANSITION,TRANSITION,0.6,0.95,0.6
2020-05-12 00:00:00+00:00,0,BEAR,0.9999990917244336,True,16,False,TRANSITION,TRANSITION,0.6,0.95,0.6
2020-05-13 00:00:00+00:00,0,BEAR,0.9988994727235249,True,17,False,TRANSITION,TRANSITION,0.6,0.95,0.6
2020-05-14 00:00:00+00:00,0,BEAR,0.9999955038498352,True,18,False,BULL_STRUCTURE,TRANSITION,0.6,0.95,0.6
2020-05-15 00:00:00+00:00,0,BEAR,0.9999999998899511,True,19,False,BULL_STRUCTURE,TRANSITION,0.6,0.95,0.6
2020-05-16 00:00:00+00:00,0,BEAR,0.9999999875012692,True,20,False,BULL_STRUCTURE,TRANSITION,0.6,0.95,0.6
2020-05-17 00:00:00+00:00,0,BEAR,0.9999999960014065,True,21,False,BULL_STRUCTURE,TRANSITION,0.6,0.95,0.6
2020-05-18 00:00:00+00:00,0,BEAR,0.9999999999699867,True,22,False,BULL_STRUCTURE,BULL_STRUCTURE,1.0,0.95,0.95
2020-05-19 00:00:00+00:00,0,BEAR,0.9999999997362465,True,23,False,BULL_STRUCTURE,BULL_STRUCTURE,1.0,0.9506312698389638504401061991,0.9506312698389638504401061991
2020-05-20 00:00:00+00:00,0,BEAR,0.9999999999995453,True,24,False,BULL_STRUCTURE,BULL_STRUCTURE,1.0,0.9493299270383793745431172309,0.9493299270383793745431172309
2020-05-21 00:00:00+00:00,0,BEAR,0.9999999899446266,True,25,False,BULL_STRUCTURE,BULL_STRUCTURE,1.0,0.9469870961243498298057832667,0.9469870961243498298057832667
2020-05-22 00:00:00+00:00,0,BEAR,0.9999910213662764,True,26,False,BULL_STRUCTURE,BULL_STRUCTURE,1.0,0.9475422771409206565821996076,0.9475422771409206565821996076
2020-05-23 00:00:00+00:00,0,BEAR,0.999404994774031,True,27,False,BULL_STRUCTURE,BULL_STRUCTURE,1.0,0.9475918277923203614047145336,0.9475918277923203614047145336
2020-05-24 00:00:00+00:00,0,BEAR,0.982655707019597,True,28,False,BULL_STRUCTURE,BULL_STRUCTURE,1.0,0.9449861308402269721300006212,0.9449861308402269721300006212
2020-05-25 00:00:00+00:00,0,BEAR,0.7257120580955769,True,29,False,BULL_STRUCTURE,BULL_STRUCTURE,1.0,0.9460387485238197504558100343,0.9460387485238197504558100343
2020-05-26 00:00:00+00:00,0,BEAR,0.010987108684406869,False,29,False,BULL_STRUCTURE,BULL_STRUCTURE,1.0,0.475,0.475
2020-05-27 00:00:00+00:00,0,BEAR,1.60391730347194e-05,False,29,False,BULL_STRUCTURE,BULL_STRUCTURE,1.0,0.4853357907243071132480488641,0.4853357907243071132480488641
2020-05-28 00:00:00+00:00,1,CRASH,0.9999932323655043,True,3,False,BULL_STRUCTURE,BULL_STRUCTURE,1.0,0.4952324044488636316401386760,0.4952324044488636316401386760
2020-05-29 00:00:00+00:00,1,CRASH,0.9999999746996767,True,4,False,BULL_STRUCTURE,BULL_STRUCTURE,1.0,0.4913173470536039852309061635,0.4913173470536039852309061635
2020-05-30 00:00:00+00:00,1,CRASH,0.9999999430292535,True,5,False,BULL_STRUCTURE,BULL_STRUCTURE,1.0,0.4983928467850205264693878432,0.4983928467850205264693878432
2020-05-31 00:00:00+00:00,1,CRASH,0.9999996627821588,True,6,False,BULL_STRUCTURE,BULL_STRUCTURE,1.0,0.4918787679452651810269463628,0.4918787679452651810269463628
2020-06-01 00:00:00+00:00,1,CRASH,0.9999978920031416,True,7,False,BULL_STRUCTURE,BULL_STRUCTURE,1.0,0.5110341498057074102542964808,0.5110341498057074102542964808
2020-06-02 00:00:00+00:00,1,CRASH,0.9999192001690391,True,8,False,BULL_STRUCTURE,BULL_STRUCTURE,1.0,0.4937177066040993025082777867,0.4937177066040993025082777867
2020-06-03 00:00:00+00:00,1,CRASH,0.9983074429659933,True,9,False,BULL_STRUCTURE,BULL_STRUCTURE,1.0,0.4975800091665829337115540339,0.4975800091665829337115540339
2020-06-04 00:00:00+00:00,1,CRASH,0.9955826671708334,True,10,False,BULL_STRUCTURE,BULL_STRUCTURE,1.0,0.5007364980312477047555392643,0.5007364980312477047555392643
2020-06-05 00:00:00+00:00,1,CRASH,0.9959291101268142,True,11,False,BULL_STRUCTURE,BULL_STRUCTURE,1.0,0.4964114111689877766594129020,0.4964114111689877766594129020
2020-06-06 00:00:00+00:00,1,CRASH,0.9989429111625686,True,12,False,BULL_STRUCTURE,BULL_STRUCTURE,1.0,0.4975815609180696990753463948,0.4975815609180696990753463948
2020-06-07 00:00:00+00:00,1,CRASH,0.9875743675501794,True,13,False,BULL_STRUCTURE,BULL_STRUCTURE,1.0,0.4996597695685481993522067536,0.4996597695685481993522067536
2020-06-08 00:00:00+00:00,1,CRASH,0.9946147776379236,True,14,False,BULL_STRUCTURE,BULL_STRUCTURE,1.0,0.5005563855375441733454177017,0.5005563855375441733454177017
2020-06-09 00:00:00+00:00,1,CRASH,0.9758536832484983,True,15,False,BULL_STRUCTURE,BULL_STRUCTURE,1.0,0.5003114285518128712312313305,0.5003114285518128712312313305
2020-06-10 00:00:00+00:00,1,CRASH,0.8157399297998367,True,16,False,BULL_STRUCTURE,BULL_STRUCTURE,1.0,0.5031747111581887025568639478,0.5031747111581887025568639478
2020-06-11 00:00:00+00:00,1,CRASH,0.9997034130044081,True,17,False,BULL_STRUCTURE,BULL_STRUCTURE,1.0,0.4873989708346863712651243918,0.4873989708346863712651243918
2020-06-12 00:00:00+00:00,1,CRASH,0.9999501556552705,True,18,False,BULL_STRUCTURE,BULL_STRUCTURE,1.0,0.4923243725454531887051364239,0.4923243725454531887051364239
2020-06-13 00:00:00+00:00,1,CRASH,0.9999604534557891,True,19,False,BULL_STRUCTURE,BULL_STRUCTURE,1.0,0.4925410774811544429273757635,0.4925410774811544429273757635
2020-06-14 00:00:00+00:00,1,CRASH,0.9999193388998909,True,20,False,BULL_STRUCTURE,BULL_STRUCTURE,1.0,0.4890546551063952059888844068,0.4890546551063952059888844068
2020-06-15 00:00:00+00:00,1,CRASH,0.9999758543690579,True,21,False,BULL_STRUCTURE,BULL_STRUCTURE,1.0,0.4912895085838022346825407252,0.4912895085838022346825407252
2020-06-16 00:00:00+00:00,1,CRASH,0.9999998413927768,True,22,False,BULL_STRUCTURE,BULL_STRUCTURE,1.0,0.4939159053113192480083040563,0.4939159053113192480083040563
2020-06-17 00:00:00+00:00,1,CRASH,0.9999994792703083,True,23,False,BULL_STRUCTURE,BULL_STRUCTURE,1.0,0.4923246366104525469219670313,0.4923246366104525469219670313
2020-06-18 00:00:00+00:00,1,CRASH,0.9999988123393228,True,24,False,BULL_STRUCTURE,BULL_STRUCTURE,1.0,0.4902347091171916728530594484,0.4902347091171916728530594484
2020-06-19 00:00:00+00:00,1,CRASH,0.9999979962428436,True,25,False,BULL_STRUCTURE,BULL_STRUCTURE,1.0,0.4882007795745056492645498630,0.4882007795745056492645498630
2020-06-20 00:00:00+00:00,1,CRASH,0.9999981226482647,True,26,False,BULL_STRUCTURE,BULL_STRUCTURE,1.0,0.4895049575663291673624088490,0.4895049575663291673624088490
2020-06-21 00:00:00+00:00,1,CRASH,0.9999962079690752,True,27,False,BULL_STRUCTURE,BULL_STRUCTURE,1.0,0.4877833889097147917806326463,0.4877833889097147917806326463
2020-06-22 00:00:00+00:00,1,CRASH,0.9999081707398199,True,28,False,BULL_STRUCTURE,BULL_STRUCTURE,1.0,0.4980825336948465588769205554,0.4980825336948465588769205554
2020-06-23 00:00:00+00:00,1,CRASH,0.999599258070367,True,29,False,BULL_STRUCTURE,BULL_STRUCTURE,1.0,0.4965083093129909971854799661,0.4965083093129909971854799661
2020-06-24 00:00:00+00:00,1,CRASH,0.9757976722909836,True,30,False,BULL_STRUCTURE,BULL_STRUCTURE,1.0,0.4878317701767288775348682461,0.4878317701767288775348682461
2020-06-25 00:00:00+00:00,1,CRASH,0.9710251779777078,True,31,False,BULL_STRUCTURE,BULL_STRUCTURE,1.0,0.4865654777828660010123243818,0.4865654777828660010123243818
2020-06-26 00:00:00+00:00,1,CRASH,0.9846284828643904,True,32,False,BULL_STRUCTURE,BULL_STRUCTURE,1.0,0.4841972586334117676962551054,0.4841972586334117676962551054
2020-06-27 00:00:00+00:00,1,CRASH,0.9998495772070615,True,33,False,BULL_STRUCTURE,BULL_STRUCTURE,1.0,0.4800699605036204413595832392,0.4800699605036204413595832392
2020-06-28 00:00:00+00:00,1,CRASH,0.9998709446018743,True,34,False,BULL_STRUCTURE,BULL_STRUCTURE,1.0,0.4829441359168183057010192969,0.4829441359168183057010192969
2020-06-29 00:00:00+00:00,1,CRASH,0.9998457734561645,True,35,False,BULL_STRUCTURE,BULL_STRUCTURE,1.0,0.4850232365069049583247275303,0.4850232365069049583247275303
2020-06-30 00:00:00+00:00,1,CRASH,0.9998296767318934,True,36,False,BULL_STRUCTURE,BULL_STRUCTURE,1.0,0.4835515094921925736922796423,0.4835515094921925736922796423
2020-07-01 00:00:00+00:00,1,CRASH,0.9998794007518788,True,37,False,BULL_STRUCTURE,BULL_STRUCTURE,1.0,0.4860926552783946027829924109,0.4860926552783946027829924109
2020-07-02 00:00:00+00:00,1,CRASH,0.9993199924829349,True,38,False,BULL_STRUCTURE,BULL_STRUCTURE,1.0,0.4821263083757972658328359258,0.4821263083757972658328359258
2020-07-03 00:00:00+00:00,1,CRASH,0.9990311063307533,True,39,False,BULL_STRUCTURE,BULL_STRUCTURE,1.0,0.4813480609394316829571154321,0.4813480609394316829571154321
2020-07-04 00:00:00+00:00,1,CRASH,0.9982853071714811,True,40,False,BULL_STRUCTURE,BULL_STRUCTURE,1.0,0.4834670551552121088567906690,0.4834670551552121088567906690
2020-07-05 00:00:00+00:00,1,CRASH,0.9890464194950497,True,41,False,BULL_STRUCTURE,BULL_STRUCTURE,1.0,0.4816551809216588617368545069,0.4816551809216588617368545069
2020-07-06 00:00:00+00:00,1,CRASH,0.998842081964897,True,42,False,BULL_STRUCTURE,BULL_STRUCTURE,1.0,0.4891108192169722077483909462,0.4891108192169722077483909462
2020-07-07 00:00:00+00:00,1,CRASH,0.998899681480881,True,43,False,BULL_STRUCTURE,BULL_STRUCTURE,1.0,0.4867787602803797758668823849,0.4867787602803797758668823849
2020-07-08 00:00:00+00:00,1,CRASH,0.9968296109227758,True,44,False,BULL_STRUCTURE,BULL_STRUCTURE,1.0,0.4915555727195372262190634313,0.4915555727195372262190634313
2020-07-09 00:00:00+00:00,1,CRASH,0.9951833753752592,True,45,False,BULL_STRUCTURE,BULL_STRUCTURE,1.0,0.4861042902870525677883851684,0.4861042902870525677883851684
2020-07-10 00:00:00+00:00,1,CRASH,0.9584625410799112,True,46,False,BULL_STRUCTURE,BULL_STRUCTURE,1.0,0.4876126375258549055834925221,0.4876126375258549055834925221
2020-07-11 00:00:00+00:00,1,CRASH,0.802826255795399,True,47,False,BULL_STRUCTURE,BULL_STRUCTURE,1.0,0.4861475787156133224899665178,0.4861475787156133224899665178
2020-07-12 00:00:00+00:00,1,CRASH,0.1366934374244159,False,47,False,BULL_STRUCTURE,BULL_STRUCTURE,1.0,0.4879999583305890983708567074,0.4879999583305890983708567074
2020-07-13 00:00:00+00:00,1,CRASH,4.71051199751055e-05,False,47,False,BULL_STRUCTURE,BULL_STRUCTURE,1.0,0.4863798588430274699133912676,0.4863798588430274699133912676
2020-07-14 00:00:00+00:00,0,BEAR,0.9999999986325747,True,3,False,BULL_STRUCTURE,BULL_STRUCTURE,1.0,0.95,0.95
2020-07-15 00:00:00+00:00,0,BEAR,0.9999999999904503,True,4,False,BULL_STRUCTURE,BULL_STRUCTURE,1.0,0.9502746477249961335478373895,0.9502746477249961335478373895
2020-07-16 00:00:00+00:00,0,BEAR,0.9999999999977263,True,5,False,BULL_STRUCTURE,BULL_STRUCTURE,1.0,0.9499442833448000198421544464,0.9499442833448000198421544464
2020-07-17 00:00:00+00:00,0,BEAR,0.9999999999990905,True,6,False,BULL_STRUCTURE,BULL_STRUCTURE,1.0,0.9500512976583053241429717282,0.9500512976583053241429717282
2020-07-18 00:00:00+00:00,0,BEAR,0.9999999975834726,True,7,False,BULL_STRUCTURE,BULL_STRUCTURE,1.0,0.9501338937145292084812906356,0.9501338937145292084812906356
2020-07-19 00:00:00+00:00,0,BEAR,0.9999999155070363,True,8,False,BULL_STRUCTURE,BULL_STRUCTURE,1.0,0.9503330951584262500116906462,0.9503330951584262500116906462
2020-07-20 00:00:00+00:00,0,BEAR,0.9999998650537327,True,9,False,BULL_STRUCTURE,BULL_STRUCTURE,1.0,0.9500847623345027919052432452,0.9500847623345027919052432452
2020-07-21 00:00:00+00:00,0,BEAR,0.9999999503402263,True,10,False,BULL_STRUCTURE,BULL_STRUCTURE,1.0,0.9512438383412352997713348193,0.9512438383412352997713348193
2020-07-22 00:00:00+00:00,0,BEAR,0.9999999956858119,True,11,False,BULL_STRUCTURE,BULL_STRUCTURE,1.0,0.9518687319271078786210851843,0.9518687319271078786210851843
2020-07-23 00:00:00+00:00,0,BEAR,0.9999998754015074,True,12,False,BULL_STRUCTURE,BULL_STRUCTURE,1.0,0.9522749423957545007715717776,0.9522749423957545007715717776
2020-07-24 00:00:00+00:00,0,BEAR,0.9999920648561932,True,13,False,BULL_STRUCTURE,BULL_STRUCTURE,1.0,0.9519630816615412428537452808,0.9519630816615412428537452808
2020-07-25 00:00:00+00:00,0,BEAR,0.9999878826385807,True,14,False,BULL_STRUCTURE,BULL_STRUCTURE,1.0,0.9527303169016177594220682539,0.9527303169016177594220682539
2020-07-26 00:00:00+00:00,0,BEAR,0.9999129895507783,True,15,False,BULL_STRUCTURE,BULL_STRUCTURE,1.0,0.9537795007773547846265025150,0.9537795007773547846265025150
2020-07-27 00:00:00+00:00,0,BEAR,0.9992794265510954,True,16,False,BULL_STRUCTURE,BULL_STRUCTURE,1.0,0.9581899286912377127997863946,0.9581899286912377127997863946
2020-07-28 00:00:00+00:00,0,BEAR,0.9999998489966061,True,17,False,BULL_STRUCTURE,BULL_STRUCTURE,1.0,0.9577357936940052797710280511,0.9577357936940052797710280511
2020-07-29 00:00:00+00:00,0,BEAR,0.9999999992123776,True,18,False,BULL_STRUCTURE,BULL_STRUCTURE,1.0,0.9584446846576574379985920081,0.9584446846576574379985920081
2020-07-30 00:00:00+00:00,0,BEAR,0.9999999935403139,True,19,False,BULL_STRUCTURE,BULL_STRUCTURE,1.0,0.9584413834545329610260331296,0.9584413834545329610260331296
2020-07-31 00:00:00+00:00,0,BEAR,0.9999999999959073,True,20,False,BULL_STRUCTURE,BULL_STRUCTURE,1.0,0.9592708503566987750102151980,0.9592708503566987750102151980
2020-08-01 00:00:00+00:00,0,BEAR,1.0,True,21,False,BULL_STRUCTURE,BULL_STRUCTURE,1.0,0.9608151646415952952608968512,0.9608151646415952952608968512
2020-08-02 00:00:00+00:00,0,BEAR,1.0,True,22,False,BULL_STRUCTURE,BULL_STRUCTURE,1.0,0.9583397229761914466771460916,0.9583397229761914466771460916
2020-08-03 00:00:00+00:00,0,BEAR,1.0,True,23,False,BULL_STRUCTURE,BULL_STRUCTURE,1.0,0.9588682960874680529199476177,0.9588682960874680529199476177
2020-08-04 00:00:00+00:00,0,BEAR,1.0,True,24,False,BULL_STRUCTURE,BULL_STRUCTURE,1.0,0.9587701994951141013450230655,0.9587701994951141013450230655
2020-08-05 00:00:00+00:00,0,BEAR,1.0,True,25,False,BULL_STRUCTURE,BULL_STRUCTURE,1.0,0.9606348519070185102481006679,0.9606348519070185102481006679
2020-08-06 00:00:00+00:00,0,BEAR,1.0,True,26,False,BULL_STRUCTURE,BULL_STRUCTURE,1.0,0.9606912773137594691258493911,0.9606912773137594691258493911
2020-08-07 00:00:00+00:00,0,BEAR,1.0,True,27,False,BULL_STRUCTURE,BULL_STRUCTURE,1.0,0.9601436480109373425776841678,0.9601436480109373425776841678
2020-08-08 00:00:00+00:00,0,BEAR,1.0,True,28,False,BULL_STRUCTURE,BULL_STRUCTURE,1.0,0.9606879059845388578283509477,0.9606879059845388578283509477
2020-08-09 00:00:00+00:00,0,BEAR,1.0,True,29,False,BULL_STRUCTURE,BULL_STRUCTURE,1.0,0.9604302095269873566855853215,0.9604302095269873566855853215
2020-08-10 00:00:00+00:00,0,BEAR,1.0,True,30,False,BULL_STRUCTURE,BULL_STRUCTURE,1.0,0.9611057051933889188355355264,0.9611057051933889188355355264
2020-08-11 00:00:00+00:00,0,BEAR,1.0,True,31,False,BULL_STRUCTURE,BULL_STRUCTURE,1.0,0.9594650736670505067935655984,0.9594650736670505067935655984
2020-08-12 00:00:00+00:00,0,BEAR,1.0,True,32,False,BULL_STRUCTURE,BULL_STRUCTURE,1.0,0.9600447153434166990385384707,0.9600447153434166990385384707
2020-08-13 00:00:00+00:00,0,BEAR,1.0,True,33,False,BULL_STRUCTURE,BULL_STRUCTURE,1.0,0.9607475091800556371292901455,0.9607475091800556371292901455
2020-08-14 00:00:00+00:00,0,BEAR,1.0,True,34,False,BULL_STRUCTURE,BULL_STRUCTURE,1.0,0.9606851121593573472544605445,0.9606851121593573472544605445
2020-08-15 00:00:00+00:00,0,BEAR,1.0,True,35,False,BULL_STRUCTURE,BULL_STRUCTURE,1.0,0.9609779253209797166198465922,0.9609779253209797166198465922
2020-08-16 00:00:00+00:00,0,BEAR,1.0,True,36,False,BULL_STRUCTURE,BULL_STRUCTURE,1.0,0.9611624508857615210856229622,0.9611624508857615210856229622
2020-08-17 00:00:00+00:00,0,BEAR,1.0,True,37,False,BULL_STRUCTURE,BULL_STRUCTURE,1.0,0.9622888004762083964109961038,0.9622888004762083964109961038
2020-08-18 00:00:00+00:00,0,BEAR,1.0,True,38,False,BULL_STRUCTURE,BULL_STRUCTURE,1.0,0.9612687468442344080927246270,0.9612687468442344080927246270
2020-08-19 00:00:00+00:00,0,BEAR,1.0,True,39,False,BULL_STRUCTURE,BULL_STRUCTURE,1.0,0.9606659943142328672063010200,0.9606659943142328672063010200
2020-08-20 00:00:00+00:00,0,BEAR,1.0,True,40,False,BULL_STRUCTURE,BULL_STRUCTURE,1.0,0.9609815634225174829780773437,0.9609815634225174829780773437
2020-08-21 00:00:00+00:00,0,BEAR,1.0,True,41,False,BULL_STRUCTURE,BULL_STRUCTURE,1.0,0.9599349870592783668249765727,0.9599349870592783668249765727
2020-08-22 00:00:00+00:00,0,BEAR,1.0,True,42,False,BULL_STRUCTURE,BULL_STRUCTURE,1.0,0.9603692138524408177530039369,0.9603692138524408177530039369
2020-08-23 00:00:00+00:00,0,BEAR,1.0,True,43,False,BULL_STRUCTURE,BULL_STRUCTURE,1.0,0.9603207593713880199016694053,0.9603207593713880199016694053
2020-08-24 00:00:00+00:00,0,BEAR,1.0,True,44,False,BULL_STRUCTURE,BULL_STRUCTURE,1.0,0.9606454419953548335061938481,0.9606454419953548335061938481
2020-08-25 00:00:00+00:00,0,BEAR,0.9999999999840838,True,45,False,BULL_STRUCTURE,BULL_STRUCTURE,1.0,0.9592120332379559184053644382,0.9592120332379559184053644382
2020-08-26 00:00:00+00:00,0,BEAR,0.9999992627920609,True,46,False,BULL_STRUCTURE,BULL_STRUCTURE,1.0,0.9597004553957319827291429501,0.9597004553957319827291429501
2020-08-27 00:00:00+00:00,0,BEAR,0.9999663027740675,True,47,False,BULL_STRUCTURE,BULL_STRUCTURE,1.0,0.9592533334306450405442159079,0.9592533334306450405442159079
2020-08-28 00:00:00+00:00,0,BEAR,0.9984196409387226,True,48,False,BULL_STRUCTURE,BULL_STRUCTURE,1.0,0.9599202064871525579120908165,0.9599202064871525579120908165
2020-08-29 00:00:00+00:00,0,BEAR,0.9958718316066696,True,49,False,BULL_STRUCTURE,BULL_STRUCTURE,1.0,0.9597153310228455393102446146,0.9597153310228455393102446146
2020-08-30 00:00:00+00:00,0,BEAR,0.1029938289522459,False,49,False,BULL_STRUCTURE,BULL_STRUCTURE,1.0,0.475,0.475
2020-08-31 00:00:00+00:00,0,BEAR,0.00027071679008057117,False,49,False,BULL_STRUCTURE,BULL_STRUCTURE,1.0,0.4739828126364108768242815751,0.4739828126364108768242815751
2020-09-01 00:00:00+00:00,1,CRASH,0.9999960315105073,True,3,False,BULL_STRUCTURE,BULL_STRUCTURE,1.0,0.4797500750666037543768701685,0.4797500750666037543768701685
2020-09-02 00:00:00+00:00,1,CRASH,0.9999908196876574,True,4,False,BULL_STRUCTURE,BULL_STRUCTURE,1.0,0.4683375847175189536328005384,0.4683375847175189536328005384
2020-09-03 00:00:00+00:00,1,CRASH,0.9999999339238479,True,5,False,BULL_STRUCTURE,BULL_STRUCTURE,1.0,0.4395828704768216213228416887,0.4395828704768216213228416887
2020-09-04 00:00:00+00:00,1,CRASH,0.9997380658747276,True,6,False,BULL_STRUCTURE,BULL_STRUCTURE,1.0,0.4469049627276200149056312402,0.4469049627276200149056312402
2020-09-05 00:00:00+00:00,1,CRASH,0.9999714471207028,True,7,False,BULL_STRUCTURE,BULL_STRUCTURE,1.0,0.4402098944260620643657999478,0.4402098944260620643657999478
2020-09-06 00:00:00+00:00,1,CRASH,0.9999451300579641,True,8,False,BULL_STRUCTURE,BULL_STRUCTURE,1.0,0.4423711048098039030296594737,0.4423711048098039030296594737
2020-09-07 00:00:00+00:00,1,CRASH,0.9998134634935105,True,9,False,BULL_STRUCTURE,BULL_STRUCTURE,1.0,0.4451767370424799246252526936,0.4451767370424799246252526936
2020-09-08 00:00:00+00:00,1,CRASH,0.8192747552087134,True,10,False,BULL_STRUCTURE,BULL_STRUCTURE,1.0,0.4392377000699316759755343067,0.4392377000699316759755343067
2020-09-09 00:00:00+00:00,1,CRASH,0.5780450486343734,True,11,False,BULL_STRUCTURE,BULL_STRUCTURE,1.0,0.4414797699279063324197420750,0.4414797699279063324197420750
2020-09-10 00:00:00+00:00,1,CRASH,0.003513437679792786,False,11,False,BULL_STRUCTURE,BULL_STRUCTURE,1.0,0.4443046267664401585120902821,0.4443046267664401585120902821
2020-09-11 00:00:00+00:00,1,CRASH,0.0015523201815319217,False,11,False,BULL_STRUCTURE,BULL_STRUCTURE,1.0,0.4455205822214733689973212597,0.4455205822214733689973212597
2020-09-12 00:00:00+00:00,0,BEAR,0.9993860271977124,True,3,False,BULL_STRUCTURE,BULL_STRUCTURE,1.0,0.95,0.95
2020-09-13 00:00:00+00:00,0,BEAR,0.9999985752043504,True,4,False,BULL_STRUCTURE,BULL_STRUCTURE,1.0,0.9501316529449221152696562293,0.9501316529449221152696562293
2020-09-14 00:00:00+00:00,0,BEAR,0.9992761517542842,True,5,False,BULL_STRUCTURE,BULL_STRUCTURE,1.0,0.9516388968160003538509996408,0.9516388968160003538509996408
2020-09-15 00:00:00+00:00,0,BEAR,0.9851063049384978,True,6,False,BULL_STRUCTURE,BULL_STRUCTURE,1.0,0.9521236334042983736751794943,0.9521236334042983736751794943
2020-09-16 00:00:00+00:00,0,BEAR,0.5137993120673019,True,7,False,BULL_STRUCTURE,BULL_STRUCTURE,1.0,0.475,0.475
2020-09-17 00:00:00+00:00,0,BEAR,0.0037183807542167545,False,7,False,BULL_STRUCTURE,BULL_STRUCTURE,1.0,0.4749756791277182368836423631,0.4749756791277182368836423631
2020-09-18 00:00:00+00:00,0,BEAR,1.5892059067348844e-05,False,7,False,BULL_STRUCTURE,BULL_STRUCTURE,1.0,0.4748251909895786897513517506,0.4748251909895786897513517506
2020-09-19 00:00:00+00:00,1,CRASH,0.9999797776043334,True,3,False,BULL_STRUCTURE,BULL_STRUCTURE,1.0,0.4781625196368817159119056392,0.4781625196368817159119056392
2020-09-20 00:00:00+00:00,1,CRASH,0.9999787040959075,True,4,False,BULL_STRUCTURE,BULL_STRUCTURE,1.0,0.4745260108042711390371295231,0.4745260108042711390371295231
2020-09-21 00:00:00+00:00,1,CRASH,0.9999770363209859,True,5,False,BULL_STRUCTURE,BULL_STRUCTURE,1.0,0.4627825487858086962601400168,0.4627825487858086962601400168
2020-09-22 00:00:00+00:00,1,CRASH,0.9988094313371139,True,6,False,BULL_STRUCTURE,BULL_STRUCTURE,1.0,0.4654514956498776937577276638,0.4654514956498776937577276638
2020-09-23 00:00:00+00:00,1,CRASH,0.963084365044471,True,7,False,BULL_STRUCTURE,BULL_STRUCTURE,1.0,0.4585548930501849277594060989,0.4585548930501849277594060989
2020-09-24 00:00:00+00:00,1,CRASH,0.028937924272484334,False,7,False,BULL_STRUCTURE,BULL_STRUCTURE,1.0,0.4702916636822546293845912037,0.4702916636822546293845912037
2020-09-25 00:00:00+00:00,1,CRASH,2.713951018930028e-06,False,7,False,BULL_STRUCTURE,BULL_STRUCTURE,1.0,0.4691371118053541031226560177,0.4691371118053541031226560177
2020-09-26 00:00:00+00:00,0,BEAR,0.999713615923424,True,3,False,BULL_STRUCTURE,BULL_STRUCTURE,1.0,0.95,0.95
2020-09-27 00:00:00+00:00,0,BEAR,0.9999653059851357,True,4,False,BULL_STRUCTURE,BULL_STRUCTURE,1.0,0.9507915261396297517961369985,0.9507915261396297517961369985
2020-09-28 00:00:00+00:00,0,BEAR,0.9999918137776528,True,5,False,BULL_STRUCTURE,BULL_STRUCTURE,1.0,0.9504498924591693895836725570,0.9504498924591693895836725570
2020-09-29 00:00:00+00:00,0,BEAR,0.9999993535632072,True,6,False,BULL_STRUCTURE,BULL_STRUCTURE,1.0,0.9510774576556040134177447319,0.9510774576556040134177447319
2020-09-30 00:00:00+00:00,0,BEAR,0.9999999912761268,True,7,False,BULL_STRUCTURE,BULL_STRUCTURE,1.0,0.9508016854525228718169508917,0.9508016854525228718169508917
2020-10-01 00:00:00+00:00,0,BEAR,0.999999953715361,True,8,False,BULL_STRUCTURE,BULL_STRUCTURE,1.0,0.9501085712939535617051621239,0.9501085712939535617051621239
2020-10-02 00:00:00+00:00,0,BEAR,0.9999999660894906,True,9,False,BULL_STRUCTURE,BULL_STRUCTURE,1.0,0.9498900950155931530668993729,0.9498900950155931530668993729
2020-10-03 00:00:00+00:00,0,BEAR,0.9999997679679196,True,10,False,BULL_STRUCTURE,BULL_STRUCTURE,1.0,0.9497621531141019410865367763,0.9497621531141019410865367763
2020-10-04 00:00:00+00:00,0,BEAR,0.9999998454750432,True,11,False,BULL_STRUCTURE,BULL_STRUCTURE,1.0,0.9503197071799962275886632811,0.9503197071799962275886632811
2020-10-05 00:00:00+00:00,0,BEAR,0.9999999820183804,True,12,False,BULL_STRUCTURE,BULL_STRUCTURE,1.0,0.9508693937253638564593805147,0.9508693937253638564593805147
2020-10-06 00:00:00+00:00,0,BEAR,0.9999999990022843,True,13,False,BULL_STRUCTURE,BULL_STRUCTURE,1.0,0.9500215083406168640310246887,0.9500215083406168640310246887
2020-10-07 00:00:00+00:00,0,BEAR,0.9999999999890861,True,14,False,BULL_STRUCTURE,BULL_STRUCTURE,1.0,0.9503186448800004476270981928,0.9503186448800004476270981928
2020-10-08 00:00:00+00:00,0,BEAR,0.9999999999954525,True,15,False,BULL_STRUCTURE,BULL_STRUCTURE,1.0,0.9514399716949993278459489848,0.9514399716949993278459489848
2020-10-09 00:00:00+00:00,0,BEAR,0.9999999999781721,True,16,False,BULL_STRUCTURE,BULL_STRUCTURE,1.0,0.9519631681536609842453709344,0.9519631681536609842453709344
2020-10-10 00:00:00+00:00,0,BEAR,0.9999999959136403,True,17,False,BULL_STRUCTURE,BULL_STRUCTURE,1.0,0.9529464546129257795599898630,0.9529464546129257795599898630
2020-10-11 00:00:00+00:00,0,BEAR,0.9999977523709979,True,18,False,BULL_STRUCTURE,BULL_STRUCTURE,1.0,0.9532455042591974980370690720,0.9532455042591974980370690720
2020-10-12 00:00:00+00:00,0,BEAR,0.9999913849467726,True,19,False,BULL_STRUCTURE,BULL_STRUCTURE,1.0,0.9538614893514384587824265374,0.9538614893514384587824265374
2020-10-13 00:00:00+00:00,0,BEAR,0.9999104302431189,True,20,False,BULL_STRUCTURE,BULL_STRUCTURE,1.0,0.9534466805529298371885465208,0.9534466805529298371885465208
2020-10-14 00:00:00+00:00,0,BEAR,0.999343691402843,True,21,False,BULL_STRUCTURE,BULL_STRUCTURE,1.0,0.9534363012606120447721515909,0.9534363012606120447721515909
2020-10-15 00:00:00+00:00,0,BEAR,0.9999945726924065,True,22,False,BULL_STRUCTURE,BULL_STRUCTURE,1.0,0.9537730199509175496920857209,0.9537730199509175496920857209
2020-10-16 00:00:00+00:00,0,BEAR,0.9996497731991836,True,23,False,BULL_STRUCTURE,BULL_STRUCTURE,1.0,0.9530498564231958950962385135,0.9530498564231958950962385135
2020-10-17 00:00:00+00:00,0,BEAR,0.999902647623131,True,24,False,BULL_STRUCTURE,BULL_STRUCTURE,1.0,0.9532109027544071306327813110,0.9532109027544071306327813110
2020-10-18 00:00:00+00:00,0,BEAR,0.9999131746214103,True,25,False,BULL_STRUCTURE,BULL_STRUCTURE,1.0,0.9537654309276436389614102417,0.9537654309276436389614102417
2020-10-19 00:00:00+00:00,0,BEAR,0.9999989037975507,True,26,False,BULL_STRUCTURE,BULL_STRUCTURE,1.0,0.9546981909111564095252424397,0.9546981909111564095252424397
2020-10-20 00:00:00+00:00,0,BEAR,0.9999999999845386,True,27,False,BULL_STRUCTURE,BULL_STRUCTURE,1.0,0.9552741826478386766368840634,0.9552741826478386766368840634
2020-10-21 00:00:00+00:00,0,BEAR,1.0,True,28,False,BULL_STRUCTURE,BULL_STRUCTURE,1.0,0.9581946459028969334603754672,0.9581946459028969334603754672
2020-10-22 00:00:00+00:00,0,BEAR,1.0,True,29,False,BULL_STRUCTURE,BULL_STRUCTURE,1.0,0.9587743389829761778819229499,0.9587743389829761778819229499
2020-10-23 00:00:00+00:00,0,BEAR,1.0,True,30,False,BULL_STRUCTURE,BULL_STRUCTURE,1.0,0.9586353471580555695067149966,0.9586353471580555695067149966
2020-10-24 00:00:00+00:00,0,BEAR,1.0,True,31,False,BULL_STRUCTURE,BULL_STRUCTURE,1.0,0.9592062486995438680348801330,0.9592062486995438680348801330
2020-10-25 00:00:00+00:00,0,BEAR,1.0,True,32,False,BULL_STRUCTURE,BULL_STRUCTURE,1.0,0.9589573388718751509236587896,0.9589573388718751509236587896
2020-10-26 00:00:00+00:00,2,EUPHORIA,0.9997222107979519,True,1,False,BULL_STRUCTURE,BULL_STRUCTURE,1.0,0.9590277848417645215004981841,0.9590277848417645215004981841
2020-10-27 00:00:00+00:00,2,EUPHORIA,0.999997886282432,True,2,False,BULL_STRUCTURE,BULL_STRUCTURE,1.0,0.9607135183255862285455107636,0.9607135183255862285455107636
2020-10-28 00:00:00+00:00,2,EUPHORIA,0.9999999648625824,True,3,False,BULL_STRUCTURE,BULL_STRUCTURE,1.0,0.9596626693051058417605125253,0.9596626693051058417605125253
2020-10-29 00:00:00+00:00,2,EUPHORIA,0.9999999999545253,True,4,False,BULL_STRUCTURE,BULL_STRUCTURE,1.0,0.9602075690427625767949893075,0.9602075690427625767949893075
2020-10-30 00:00:00+00:00,2,EUPHORIA,0.9999999997808118,True,5,False,BULL_STRUCTURE,BULL_STRUCTURE,1.0,0.9605018324610118157566059351,0.9605018324610118157566059351
2020-10-31 00:00:00+00:00,2,EUPHORIA,0.9999972181819924,True,6,False,BULL_STRUCTURE,BULL_STRUCTURE,1.0,0.9611374423100114290513647120,0.9611374423100114290513647120
2020-11-01 00:00:00+00:00,2,EUPHORIA,0.999998938216431,True,7,False,BULL_STRUCTURE,BULL_STRUCTURE,1.0,0.9610573783736376454748469440,0.9610573783736376454748469440
2020-11-02 00:00:00+00:00,2,EUPHORIA,0.9984927776778229,True,8,False,BULL_STRUCTURE,BULL_STRUCTURE,1.0,0.9604717895382908257473989618,0.9604717895382908257473989618
2020-11-03 00:00:00+00:00,2,EUPHORIA,0.9996138686085915,True,9,False,BULL_STRUCTURE,BULL_STRUCTURE,1.0,0.9617571950670740070699555615,0.9617571950670740070699555615
2020-11-04 00:00:00+00:00,2,EUPHORIA,0.9994744232792687,True,10,False,BULL_STRUCTURE,BULL_STRUCTURE,1.0,0.9620705951329431233024211659,0.9620705951329431233024211659
2020-11-05 00:00:00+00:00,2,EUPHORIA,0.9999999883830243,True,11,False,BULL_STRUCTURE,BULL_STRUCTURE,1.0,0.9654671462289535252899297788,0.9654671462289535252899297788
2020-11-06 00:00:00+00:00,2,EUPHORIA,0.9999969656469709,True,12,False,BULL_STRUCTURE,BULL_STRUCTURE,1.0,0.9654455331620604979896768834,0.9654455331620604979896768834
2020-11-07 00:00:00+00:00,2,EUPHORIA,0.9999717410073818,True,13,False,BULL_STRUCTURE,BULL_STRUCTURE,1.0,0.9637339369921562758347147156,0.9637339369921562758347147156
2020-11-08 00:00:00+00:00,2,EUPHORIA,0.9999989979083257,True,14,False,BULL_STRUCTURE,BULL_STRUCTURE,1.0,0.9652196202628944802018524731,0.9652196202628944802018524731
2020-11-09 00:00:00+00:00,2,EUPHORIA,0.9969645359358827,True,15,False,BULL_STRUCTURE,BULL_STRUCTURE,1.0,0.9648984618272861642429636217,0.9648984618272861642429636217
2020-11-10 00:00:00+00:00,2,EUPHORIA,0.882019198790645,True,16,False,BULL_STRUCTURE,BULL_STRUCTURE,1.0,0.9648293871227131072551944202,0.9648293871227131072551944202
2020-11-11 00:00:00+00:00,2,EUPHORIA,0.988761153466458,True,17,False,BULL_STRUCTURE,BULL_STRUCTURE,1.0,0.9656674733240943579067263205,0.9656674733240943579067263205
2020-11-12 00:00:00+00:00,2,EUPHORIA,0.15659847563369086,False,17,False,BULL_STRUCTURE,BULL_STRUCTURE,1.0,0.475,0.475
2020-11-13 00:00:00+00:00,2,EUPHORIA,1.814588138780703e-05,False,17,False,BULL_STRUCTURE,BULL_STRUCTURE,1.0,0.4757444429951453835664882747,0.4757444429951453835664882747
2020-11-14 00:00:00+00:00,1,BULL,0.9999999778397071,True,3,False,BULL_STRUCTURE,BULL_STRUCTURE,1.0,0.95,0.95
2020-11-15 00:00:00+00:00,1,BULL,0.9999999992928679,True,4,False,BULL_STRUCTURE,BULL_STRUCTURE,1.0,0.9502587951807866377705075358,0.9502587951807866377705075358
2020-11-16 00:00:00+00:00,1,BULL,0.9999999999886313,True,5,False,BULL_STRUCTURE,BULL_STRUCTURE,1.0,0.9524032507930640735267686292,0.9524032507930640735267686292
2020-11-17 00:00:00+00:00,1,BULL,1.0,True,6,False,BULL_STRUCTURE,BULL_STRUCTURE,1.0,0.9548373323870749953561142768,0.9548373323870749953561142768
2020-11-18 00:00:00+00:00,1,BULL,1.0,True,7,False,BULL_STRUCTURE,BULL_STRUCTURE,1.0,0.9551206153922902193377550293,0.9551206153922902193377550293
2020-11-19 00:00:00+00:00,1,BULL,0.9999999999995453,True,8,False,BULL_STRUCTURE,BULL_STRUCTURE,1.0,0.9551849073729509718047819208,0.9551849073729509718047819208
2020-11-20 00:00:00+00:00,1,BULL,1.0,True,9,False,BULL_STRUCTURE,BULL_STRUCTURE,1.0,0.9571458469893927239651984262,0.9571458469893927239651984262
2020-11-21 00:00:00+00:00,1,BULL,0.9999999999995453,True,10,False,BULL_STRUCTURE,BULL_STRUCTURE,1.0,0.9572514083408437403926506501,0.9572514083408437403926506501
2020-11-22 00:00:00+00:00,1,BULL,0.999999999947704,True,11,False,BULL_STRUCTURE,BULL_STRUCTURE,1.0,0.9566087925340642770255541953,0.9566087925340642770255541953
2020-11-23 00:00:00+00:00,1,BULL,0.9999999997726263,True,12,False,BULL_STRUCTURE,BULL_STRUCTURE,1.0,0.9565038805054360493685776910,0.9565038805054360493685776910
2020-11-24 00:00:00+00:00,1,BULL,1.0,True,13,False,BULL_STRUCTURE,BULL_STRUCTURE,1.0,0.9582267553886971964955503262,0.9582267553886971964955503262
2020-11-25 00:00:00+00:00,1,BULL,0.999999997638497,True,14,False,BULL_STRUCTURE,BULL_STRUCTURE,1.0,0.9572848781321565723306179467,0.9572848781321565723306179467
2020-11-26 00:00:00+00:00,1,BULL,0.9999999999990905,True,15,False,BULL_STRUCTURE,BULL_STRUCTURE,1.0,0.9535568635626220594937853303,0.9535568635626220594937853303
2020-11-27 00:00:00+00:00,1,BULL,0.9993165789073032,True,16,False,BULL_STRUCTURE,BULL_STRUCTURE,1.0,0.9535311548189507406109110813,0.9535311548189507406109110813
2020-11-28 00:00:00+00:00,1,BULL,0.050701244225334084,False,16,False,BULL_STRUCTURE,BULL_STRUCTURE,1.0,0.475,0.475
2020-11-29 00:00:00+00:00,1,BULL,8.911849872099192e-06,False,16,False,BULL_STRUCTURE,BULL_STRUCTURE,1.0,0.4817617782360767513243868679,0.4817617782360767513243868679
2020-11-30 00:00:00+00:00,3,BEAR,0.828321845444976,True,3,False,BULL_STRUCTURE,BULL_STRUCTURE,1.0,0.95,0.95
2020-12-01 00:00:00+00:00,3,BEAR,4.146582338356248e-05,False,3,False,BULL_STRUCTURE,BULL_STRUCTURE,1.0,0.475,0.475
2020-12-02 00:00:00+00:00,3,BEAR,0.00014631174200618343,False,3,False,BULL_STRUCTURE,BULL_STRUCTURE,1.0,0.4810641550720689013795235815,0.4810641550720689013795235815
2020-12-03 00:00:00+00:00,1,BULL,0.8191109209410056,True,3,False,BULL_STRUCTURE,BULL_STRUCTURE,1.0,0.95,0.95
2020-12-04 00:00:00+00:00,1,BULL,0.000662579736702277,False,3,False,BULL_STRUCTURE,BULL_STRUCTURE,1.0,0.475,0.475
2020-12-05 00:00:00+00:00,1,BULL,9.037005537871156e-10,False,3,False,BULL_STRUCTURE,BULL_STRUCTURE,1.0,0.4818564350640680923938916924,0.4818564350640680923938916924
2020-12-06 00:00:00+00:00,3,BEAR,0.999999999960437,True,3,False,BULL_STRUCTURE,BULL_STRUCTURE,1.0,0.95,0.95
2020-12-07 00:00:00+00:00,3,BEAR,0.9999999999940883,True,4,False,BULL_STRUCTURE,BULL_STRUCTURE,1.0,0.9501050685042961934062646956,0.9501050685042961934062646956
2020-12-08 00:00:00+00:00,3,BEAR,0.999999999990905,True,5,False,BULL_STRUCTURE,BULL_STRUCTURE,1.0,0.9479297189475702773053904735,0.9479297189475702773053904735
2020-12-09 00:00:00+00:00,3,BEAR,0.9999999999954525,True,6,False,BULL_STRUCTURE,BULL_STRUCTURE,1.0,0.9485082026548121228376909412,0.9485082026548121228376909412
2020-12-10 00:00:00+00:00,3,BEAR,1.0,True,7,False,BULL_STRUCTURE,BULL_STRUCTURE,1.0,0.9477418881629005443068454899,0.9477418881629005443068454899
2020-12-11 00:00:00+00:00,3,BEAR,1.0,True,8,False,BULL_STRUCTURE,BULL_STRUCTURE,1.0,0.9471433771887725351670239795,0.9471433771887725351670239795
2020-12-12 00:00:00+00:00,3,BEAR,0.9999999999995453,True,9,False,BULL_STRUCTURE,BULL_STRUCTURE,1.0,0.9492030930221676599092771923,0.9492030930221676599092771923
2020-12-13 00:00:00+00:00,3,BEAR,0.999999960482456,True,10,False,BULL_STRUCTURE,BULL_STRUCTURE,1.0,0.9501250694524215471249297020,0.9501250694524215471249297020
2020-12-14 00:00:00+00:00,3,BEAR,0.9999997314790013,True,11,False,BULL_STRUCTURE,BULL_STRUCTURE,1.0,0.9503664549812435476697748108,0.9503664549812435476697748108
2020-12-15 00:00:00+00:00,3,BEAR,0.9996812191395671,True,12,False,BULL_STRUCTURE,BULL_STRUCTURE,1.0,0.9507388101138341838300081351,0.9507388101138341838300081351
2020-12-16 00:00:00+00:00,3,BEAR,3.3362305177828205e-10,False,12,False,BULL_STRUCTURE,BULL_STRUCTURE,1.0,0.475,0.475
2020-12-17 00:00:00+00:00,3,BEAR,1.353256714221966e-20,False,12,False,BULL_STRUCTURE,BULL_STRUCTURE,1.0,0.4918419313423552735130572800,0.4918419313423552735130572800
2020-12-18 00:00:00+00:00,0,CRASH,0.999999999922693,True,3,False,BULL_STRUCTURE,BULL_STRUCTURE,1.0,0.4952204811210826985722745536,0.4952204811210826985722745536
2020-12-19 00:00:00+00:00,0,CRASH,0.9999999999849933,True,4,False,BULL_STRUCTURE,BULL_STRUCTURE,1.0,0.5028304733298635221482501911,0.5028304733298635221482501911
2020-12-20 00:00:00+00:00,0,CRASH,0.9999999999768079,True,5,False,BULL_STRUCTURE,BULL_STRUCTURE,1.0,0.4989586825074723636576496410,0.4989586825074723636576496410
2020-12-21 00:00:00+00:00,0,CRASH,0.9869722716426076,True,6,False,BULL_STRUCTURE,BULL_STRUCTURE,1.0,0.4909913979913964629871452571,0.4909913979913964629871452571
2020-12-22 00:00:00+00:00,0,CRASH,0.814527695451487,True,7,False,BULL_STRUCTURE,BULL_STRUCTURE,1.0,0.5027168986708911355318835076,0.5027168986708911355318835076
2020-12-23 00:00:00+00:00,0,CRASH,0.00011049464741822864,False,7,False,BULL_STRUCTURE,BULL_STRUCTURE,1.0,0.4965731071517461433054657286,0.4965731071517461433054657286
2020-12-24 00:00:00+00:00,0,CRASH,3.1161779508037874e-06,False,7,False,BULL_STRUCTURE,BULL_STRUCTURE,1.0,0.25,0.25
2020-12-25 00:00:00+00:00,1,BULL,0.9999736533501322,True,3,False,BULL_STRUCTURE,BULL_STRUCTURE,1.0,0.95,0.95
2020-12-26 00:00:00+00:00,1,BULL,0.9994681990681896,True,4,False,BULL_STRUCTURE,BULL_STRUCTURE,1.0,0.9540066632213152817654550039,0.9540066632213152817654550039
2020-12-27 00:00:00+00:00,1,BULL,0.9999995303184017,True,5,False,BULL_STRUCTURE,BULL_STRUCTURE,1.0,0.9536533051290252596149944258,0.9536533051290252596149944258
2020-12-28 00:00:00+00:00,1,BULL,0.9997019687675252,True,6,False,BULL_STRUCTURE,BULL_STRUCTURE,1.0,0.9549571630641702200539386324,0.9549571630641702200539386324
2020-12-29 00:00:00+00:00,1,BULL,0.9999484688190988,True,7,False,BULL_STRUCTURE,BULL_STRUCTURE,1.0,0.9554373986804040489180959465,0.9554373986804040489180959465
2020-12-30 00:00:00+00:00,1,BULL,0.9999995966323599,True,8,False,BULL_STRUCTURE,BULL_STRUCTURE,1.0,0.9576402564101496001883699397,0.9576402564101496001883699397
2020-12-31 00:00:00+00:00,1,BULL,0.998214797837112,True,9,False,BULL_STRUCTURE,BULL_STRUCTURE,1.0,0.9577077073934073974594687528,0.9577077073934073974594687528
2021-01-01 00:00:00+00:00,1,BULL,0.9973302816345972,True,10,False,BULL_STRUCTURE,BULL_STRUCTURE,1.0,0.9582715225536783198656270073,0.9582715225536783198656270073
2021-01-02 00:00:00+00:00,1,BULL,0.9999999999936335,True,11,False,BULL_STRUCTURE,BULL_STRUCTURE,1.0,0.9618220782293541088637418425,0.9618220782293541088637418425
2021-01-03 00:00:00+00:00,1,BULL,0.999999999998181,True,12,False,BULL_STRUCTURE,BULL_STRUCTURE,1.0,0.9627373063267990716299965860,0.9627373063267990716299965860
2021-01-04 00:00:00+00:00,1,BULL,0.9999999988585841,True,13,False,BULL_STRUCTURE,BULL_STRUCTURE,1.0,0.9616044595512278608746159070,0.9616044595512278608746159070
2021-01-05 00:00:00+00:00,1,BULL,0.9999999999158717,True,14,False,BULL_STRUCTURE,BULL_STRUCTURE,1.0,0.9637416606058701036076430857,0.9637416606058701036076430857
2021-01-06 00:00:00+00:00,1,BULL,1.0,True,15,False,BULL_STRUCTURE,BULL_STRUCTURE,1.0,0.9664289516054245721982841258,0.9664289516054245721982841258
2021-01-07 00:00:00+00:00,1,BULL,1.0,True,16,False,BULL_STRUCTURE,BULL_STRUCTURE,1.0,0.9686249234834784187356347932,0.9686249234834784187356347932
2021-01-08 00:00:00+00:00,1,BULL,1.0,True,17,False,BULL_STRUCTURE,BULL_STRUCTURE,1.0,0.9694872718358171747480311845,0.9694872718358171747480311845
2021-01-09 00:00:00+00:00,1,BULL,0.999999999998181,True,18,False,BULL_STRUCTURE,BULL_STRUCTURE,1.0,0.9691224437626281793540473653,0.9691224437626281793540473653
2021-01-10 00:00:00+00:00,1,BULL,0.9999999993810889,True,19,False,BULL_STRUCTURE,BULL_STRUCTURE,1.0,0.9676045386022984486350123650,0.9676045386022984486350123650
2021-01-11 00:00:00+00:00,1,BULL,0.9999999999959073,True,20,False,BULL_STRUCTURE,BULL_STRUCTURE,1.0,0.9651798070890031320414557864,0.9651798070890031320414557864
2021-01-12 00:00:00+00:00,1,BULL,0.9999999877782103,True,21,False,BULL_STRUCTURE,BULL_STRUCTURE,1.0,0.9638460475786602133813407794,0.9638460475786602133813407794
2021-01-13 00:00:00+00:00,1,BULL,0.8651051415602156,True,22,False,BULL_STRUCTURE,BULL_STRUCTURE,1.0,0.9669518791881710637232254911,0.9669518791881710637232254911
2021-01-14 00:00:00+00:00,1,BULL,0.3651842625355045,False,22,False,BULL_STRUCTURE,BULL_STRUCTURE,1.0,0.475,0.475
2021-01-15 00:00:00+00:00,1,BULL,0.036406795187524,False,22,False,BULL_STRUCTURE,BULL_STRUCTURE,1.0,0.4595351636607942031432064908,0.4595351636607942031432064908
2021-01-16 00:00:00+00:00,3,BEAR,0.9978470178510513,True,3,False,BULL_STRUCTURE,BULL_STRUCTURE,1.0,0.95,0.95
2021-01-17 00:00:00+00:00,3,BEAR,0.9845942623595417,True,4,False,BULL_STRUCTURE,BULL_STRUCTURE,1.0,0.9503943172450250227579042267,0.9503943172450250227579042267
2021-01-18 00:00:00+00:00,3,BEAR,0.999976584812357,True,5,False,BULL_STRUCTURE,BULL_STRUCTURE,1.0,0.9514284760215508358725768408,0.9514284760215508358725768408
2021-01-19 00:00:00+00:00,3,BEAR,0.9998823734222464,True,6,False,BULL_STRUCTURE,BULL_STRUCTURE,1.0,0.9504769199086696100773215646,0.9504769199086696100773215646
2021-01-20 00:00:00+00:00,3,BEAR,0.9998547973573912,True,7,False,BULL_STRUCTURE,BULL_STRUCTURE,1.0,0.9499155354961041358432399992,0.9499155354961041358432399992
2021-01-21 00:00:00+00:00,3,BEAR,2.2918431000631723e-05,False,7,False,BULL_STRUCTURE,BULL_STRUCTURE,1.0,0.475,0.475
2021-01-22 00:00:00+00:00,3,BEAR,0.020359584117218044,False,7,False,BULL_STRUCTURE,BULL_STRUCTURE,1.0,0.4916801218820387471024575846,0.4916801218820387471024575846
2021-01-23 00:00:00+00:00,3,BEAR,0.9999998961820947,True,8,False,BULL_STRUCTURE,BULL_STRUCTURE,1.0,0.95,0.95
2021-01-24 00:00:00+00:00,3,BEAR,0.9999999999654392,True,9,False,BULL_STRUCTURE,BULL_STRUCTURE,1.0,0.9508386196219075150915417056,0.9508386196219075150915417056
2021-01-25 00:00:00+00:00,3,BEAR,0.9999999972069418,True,10,False,BULL_STRUCTURE,BULL_STRUCTURE,1.0,0.9508303589439858436208649977,0.9508303589439858436208649977
2021-01-26 00:00:00+00:00,3,BEAR,0.9807507654588165,True,11,False,BULL_STRUCTURE,BULL_STRUCTURE,1.0,0.9511379887082133509026012349,0.9511379887082133509026012349
2021-01-27 00:00:00+00:00,3,BEAR,0.9961780185462198,True,12,False,BULL_STRUCTURE,BULL_STRUCTURE,1.0,0.9479323605154589934891103942,0.9479323605154589934891103942
2021-01-28 00:00:00+00:00,3,BEAR,0.00023633696181493634,False,12,False,BULL_STRUCTURE,BULL_STRUCTURE,1.0,0.475,0.475
2021-01-29 00:00:00+00:00,3,BEAR,3.669786393729122e-15,False,12,False,BULL_STRUCTURE,BULL_STRUCTURE,1.0,0.4818188537930654319212789472,0.4818188537930654319212789472
2021-01-30 00:00:00+00:00,0,CRASH,0.9999910776412121,True,3,False,BULL_STRUCTURE,BULL_STRUCTURE,1.0,0.4818966902283820166076460616,0.4818966902283820166076460616
2021-01-31 00:00:00+00:00,0,CRASH,0.9999861605090669,True,4,False,BULL_STRUCTURE,BULL_STRUCTURE,1.0,0.4732290548811144494427092293,0.4732290548811144494427092293
2021-02-01 00:00:00+00:00,0,CRASH,0.9999988974429183,True,5,False,BULL_STRUCTURE,BULL_STRUCTURE,1.0,0.4764735939083457963778991778,0.4764735939083457963778991778
2021-02-02 00:00:00+00:00,0,CRASH,0.9995553904474602,True,6,False,BULL_STRUCTURE,BULL_STRUCTURE,1.0,0.4905195861172324636949750956,0.4905195861172324636949750956
2021-02-03 00:00:00+00:00,0,CRASH,0.9999413025190731,True,7,False,BULL_STRUCTURE,BULL_STRUCTURE,1.0,0.5052493889074710787130397362,0.5052493889074710787130397362
2021-02-04 00:00:00+00:00,0,CRASH,0.9995372166710389,True,8,False,BULL_STRUCTURE,BULL_STRUCTURE,1.0,0.5006742732774904787731099483,0.5006742732774904787731099483
2021-02-05 00:00:00+00:00,0,CRASH,0.9993357242106061,True,9,False,BULL_STRUCTURE,BULL_STRUCTURE,1.0,0.5096706874253471845520331211,0.5096706874253471845520331211
2021-02-06 00:00:00+00:00,0,CRASH,0.999461340081719,True,10,False,BULL_STRUCTURE,BULL_STRUCTURE,1.0,0.5154540932399619598583226620,0.5154540932399619598583226620
2021-02-07 00:00:00+00:00,0,CRASH,0.7493475201086576,True,11,False,BULL_STRUCTURE,BULL_STRUCTURE,1.0,0.5129475295635063439727006313,0.5129475295635063439727006313
2021-02-08 00:00:00+00:00,0,CRASH,1.0,True,12,False,BULL_STRUCTURE,BULL_STRUCTURE,1.0,0.5573095981975544645734132982,0.5573095981975544645734132982
2021-02-09 00:00:00+00:00,0,CRASH,1.0,True,13,False,BULL_STRUCTURE,BULL_STRUCTURE,1.0,0.5575517928993703182309519218,0.5575517928993703182309519218
2021-02-10 00:00:00+00:00,0,CRASH,0.9999999998358362,True,14,False,BULL_STRUCTURE,BULL_STRUCTURE,1.0,0.5488115108355184089926968354,0.5488115108355184089926968354
2021-02-11 00:00:00+00:00,0,CRASH,0.9999999997844498,True,15,False,BULL_STRUCTURE,BULL_STRUCTURE,1.0,0.5656336099509349415186670483,0.5656336099509349415186670483
2021-02-12 00:00:00+00:00,0,CRASH,0.9999999999618012,True,16,False,BULL_STRUCTURE,BULL_STRUCTURE,1.0,0.5621126639079089164158001637,0.5621126639079089164158001637
2021-02-13 00:00:00+00:00,0,CRASH,0.00880243271249641,False,16,False,BULL_STRUCTURE,BULL_STRUCTURE,1.0,0.25,0.25
2021-02-14 00:00:00+00:00,0,CRASH,0.0001580293175554949,False,16,False,BULL_STRUCTURE,BULL_STRUCTURE,1.0,0.2557098110579204090786046833,0.2557098110579204090786046833
2021-02-15 00:00:00+00:00,3,BEAR,0.9997668422881879,True,3,False,BULL_STRUCTURE,BULL_STRUCTURE,1.0,0.95,0.95
2021-02-16 00:00:00+00:00,3,BEAR,0.9999900049578369,True,4,False,BULL_STRUCTURE,BULL_STRUCTURE,1.0,0.9520252812864862631636189903,0.9520252812864862631636189903
2021-02-17 00:00:00+00:00,3,BEAR,0.9945961356885445,True,5,False,BULL_STRUCTURE,BULL_STRUCTURE,1.0,0.9546493908456714931064885192,0.9546493908456714931064885192
2021-02-18 00:00:00+00:00,3,BEAR,0.9995052847647179,True,6,False,BULL_STRUCTURE,BULL_STRUCTURE,1.0,0.9541733687104566843420483537,0.9541733687104566843420483537
2021-02-19 00:00:00+00:00,3,BEAR,0.8967063753120423,True,7,False,BULL_STRUCTURE,BULL_STRUCTURE,1.0,0.9575905493528551017417403084,0.9575905493528551017417403084
2021-02-20 00:00:00+00:00,3,BEAR,0.8300270061110822,True,8,False,BULL_STRUCTURE,BULL_STRUCTURE,1.0,0.9575434181548524395143827374,0.9575434181548524395143827374
2021-02-21 00:00:00+00:00,3,BEAR,0.9507209384492984,True,9,False,BULL_STRUCTURE,BULL_STRUCTURE,1.0,0.9586546502628910154197920883,0.9586546502628910154197920883
2021-02-22 00:00:00+00:00,3,BEAR,0.889981953986294,True,10,False,BULL_STRUCTURE,BULL_STRUCTURE,1.0,0.9562272281672272436745551944,0.9562272281672272436745551944
2021-02-23 00:00:00+00:00,3,BEAR,0.5266791224400463,True,11,False,BULL_STRUCTURE,BULL_STRUCTURE,1.0,0.475,0.475
2021-02-24 00:00:00+00:00,3,BEAR,0.9975411145425173,True,12,False,BULL_STRUCTURE,BULL_STRUCTURE,1.0,0.95,0.95
2021-02-25 00:00:00+00:00,3,BEAR,0.9632101743668825,True,13,False,BULL_STRUCTURE,BULL_STRUCTURE,1.0,0.9479911676665894942174045985,0.9479911676665894942174045985
2021-02-26 00:00:00+00:00,3,BEAR,0.00023387771220565443,False,13,False,BULL_STRUCTURE,BULL_STRUCTURE,1.0,0.475,0.475
2021-02-27 00:00:00+00:00,3,BEAR,0.010182486387602272,False,13,False,BULL_STRUCTURE,BULL_STRUCTURE,1.0,0.4743709444076599969282123321,0.4743709444076599969282123321
2021-02-28 00:00:00+00:00,3,BEAR,0.9436047756865888,True,14,False,BULL_STRUCTURE,BULL_STRUCTURE,1.0,0.95,0.95
2021-03-01 00:00:00+00:00,3,BEAR,0.00034564913313020484,False,14,False,BULL_STRUCTURE,BULL_STRUCTURE,1.0,0.475,0.475
2021-03-02 00:00:00+00:00,3,BEAR,0.3698198254506746,False,14,False,BULL_STRUCTURE,BULL_STRUCTURE,1.0,0.4694221717186810729020460177,0.4694221717186810729020460177
2021-03-03 00:00:00+00:00,3,BEAR,0.5207129205135996,True,15,False,BULL_STRUCTURE,BULL_STRUCTURE,1.0,0.4790579168177606903610756366,0.4790579168177606903610756366
2021-03-04 00:00:00+00:00,3,BEAR,0.12116959581742105,False,15,False,BULL_STRUCTURE,BULL_STRUCTURE,1.0,0.4690797224348604440451308597,0.4690797224348604440451308597
2021-03-05 00:00:00+00:00,3,BEAR,0.1948716039880508,False,15,False,BULL_STRUCTURE,BULL_STRUCTURE,1.0,0.4710167275966637055729531459,0.4710167275966637055729531459
2021-03-06 00:00:00+00:00,3,BEAR,0.978669138022116,True,16,False,BULL_STRUCTURE,BULL_STRUCTURE,1.0,0.95,0.95
2021-03-07 00:00:00+00:00,3,BEAR,0.9951250747697793,True,17,False,BULL_STRUCTURE,BULL_STRUCTURE,1.0,0.9525202084949245076112546986,0.9525202084949245076112546986
2021-03-08 00:00:00+00:00,3,BEAR,0.9984947513226803,True,18,False,BULL_STRUCTURE,BULL_STRUCTURE,1.0,0.9537335920323545875159410668,0.9537335920323545875159410668
2021-03-09 00:00:00+00:00,3,BEAR,0.9966602723086497,True,19,False,BULL_STRUCTURE,BULL_STRUCTURE,1.0,0.9557553099927934874119263779,0.9557553099927934874119263779
2021-03-10 00:00:00+00:00,3,BEAR,0.9982309743754152,True,20,False,BULL_STRUCTURE,BULL_STRUCTURE,1.0,0.9564880874044131916242161937,0.9564880874044131916242161937
2021-03-11 00:00:00+00:00,3,BEAR,0.9990674864828796,True,21,False,BULL_STRUCTURE,BULL_STRUCTURE,1.0,0.9578743541532083957559814508,0.9578743541532083957559814508
2021-03-12 00:00:00+00:00,3,BEAR,0.9990838599796512,True,22,False,BULL_STRUCTURE,BULL_STRUCTURE,1.0,0.9574856526636465321960261745,0.9574856526636465321960261745
2021-03-13 00:00:00+00:00,3,BEAR,0.015540315744409073,False,22,False,BULL_STRUCTURE,BULL_STRUCTURE,1.0,0.475,0.475
2021-03-14 00:00:00+00:00,3,BEAR,0.0018932981827013006,False,22,False,BULL_STRUCTURE,BULL_STRUCTURE,1.0,0.4660924447856653648799622146,0.4660924447856653648799622146
2021-03-15 00:00:00+00:00,0,CRASH,0.9998207739593927,True,3,False,BULL_STRUCTURE,BULL_STRUCTURE,1.0,0.4515123168850681867554107988,0.4515123168850681867554107988
2021-03-16 00:00:00+00:00,0,CRASH,0.9516263045294958,True,4,False,BULL_STRUCTURE,BULL_STRUCTURE,1.0,0.4572222420486968116033178999,0.4572222420486968116033178999
2021-03-17 00:00:00+00:00,0,CRASH,0.7204011244650173,True,5,False,BULL_STRUCTURE,BULL_STRUCTURE,1.0,0.4658588040251636769796106441,0.4658588040251636769796106441
2021-03-18 00:00:00+00:00,0,CRASH,0.4533077278148224,False,5,False,BULL_STRUCTURE,BULL_STRUCTURE,1.0,0.4604625764835672945795300212,0.4604625764835672945795300212
2021-03-19 00:00:00+00:00,0,CRASH,0.003618975796699139,False,5,False,BULL_STRUCTURE,BULL_STRUCTURE,1.0,0.4621031687872042564953062091,0.4621031687872042564953062091
2021-03-20 00:00:00+00:00,3,BEAR,0.9999982934310547,True,3,False,BULL_STRUCTURE,BULL_STRUCTURE,1.0,0.95,0.95
2021-03-21 00:00:00+00:00,3,BEAR,0.9999902970837483,True,4,False,BULL_STRUCTURE,BULL_STRUCTURE,1.0,0.9499889779525887959948447943,0.9499889779525887959948447943
2021-03-22 00:00:00+00:00,3,BEAR,0.2108219195216375,False,4,False,BULL_STRUCTURE,BULL_STRUCTURE,1.0,0.475,0.475
2021-03-23 00:00:00+00:00,3,BEAR,0.5016020462462126,True,5,False,BULL_STRUCTURE,BULL_STRUCTURE,1.0,0.4764763460557234169752904923,0.4764763460557234169752904923
2021-03-24 00:00:00+00:00,3,BEAR,0.006409012607437553,False,5,False,BULL_STRUCTURE,BULL_STRUCTURE,1.0,0.4669545018107917389440347632,0.4669545018107917389440347632
2021-03-25 00:00:00+00:00,3,BEAR,0.0001228290851559998,False,5,False,BULL_STRUCTURE,BULL_STRUCTURE,1.0,0.4621049051001145588966755370,0.4621049051001145588966755370
2021-03-26 00:00:00+00:00,0,CRASH,0.9999971350557756,True,3,False,BULL_STRUCTURE,BULL_STRUCTURE,1.0,0.4796006385210011959740784931,0.4796006385210011959740784931
2021-03-27 00:00:00+00:00,0,CRASH,0.06885696429190706,False,3,False,BULL_STRUCTURE,BULL_STRUCTURE,1.0,0.4831663335351678934362351152,0.4831663335351678934362351152
2021-03-28 00:00:00+00:00,0,CRASH,0.001586554177555729,False,3,False,BULL_STRUCTURE,BULL_STRUCTURE,1.0,0.4829895118730844170945670577,0.4829895118730844170945670577
2021-03-29 00:00:00+00:00,3,BEAR,0.9919650205687831,True,3,False,BULL_STRUCTURE,BULL_STRUCTURE,1.0,0.95,0.95
2021-03-30 00:00:00+00:00,3,BEAR,0.9470712324052947,True,4,False,BULL_STRUCTURE,BULL_STRUCTURE,1.0,0.9514564029810500275767101749,0.9514564029810500275767101749
2021-03-31 00:00:00+00:00,3,BEAR,0.9999999341243915,True,5,False,BULL_STRUCTURE,BULL_STRUCTURE,1.0,0.9514516695378612440254131956,0.9514516695378612440254131956
2021-04-01 00:00:00+00:00,3,BEAR,0.9999997864352054,True,6,False,BULL_STRUCTURE,BULL_STRUCTURE,1.0,0.9514358506269296311289547313,0.9514358506269296311289547313
2021-04-02 00:00:00+00:00,3,BEAR,0.999999876926275,True,7,False,BULL_STRUCTURE,BULL_STRUCTURE,1.0,0.9516158241807864324381345343,0.9516158241807864324381345343
2021-04-03 00:00:00+00:00,3,BEAR,0.9992034477526663,True,8,False,BULL_STRUCTURE,BULL_STRUCTURE,1.0,0.9500864692455338981120414604,0.9500864692455338981120414604
2021-04-04 00:00:00+00:00,3,BEAR,0.9995544844143553,True,9,False,BULL_STRUCTURE,BULL_STRUCTURE,1.0,0.9510244550551765513993150489,0.9510244550551765513993150489
2021-04-05 00:00:00+00:00,3,BEAR,0.999802275819507,True,10,False,BULL_STRUCTURE,BULL_STRUCTURE,1.0,0.9517559910615680481201734213,0.9517559910615680481201734213
2021-04-06 00:00:00+00:00,3,BEAR,0.9998894150425963,True,11,False,BULL_STRUCTURE,BULL_STRUCTURE,1.0,0.9508551280952807211172359247,0.9508551280952807211172359247
2021-04-07 00:00:00+00:00,3,BEAR,0.9961011432094009,True,12,False,BULL_STRUCTURE,BULL_STRUCTURE,1.0,0.9491563785482843792328459697,0.9491563785482843792328459697
2021-04-08 00:00:00+00:00,3,BEAR,0.9999544406038149,True,13,False,BULL_STRUCTURE,BULL_STRUCTURE,1.0,0.9509246271918166099075991634,0.9509246271918166099075991634
2021-04-09 00:00:00+00:00,3,BEAR,0.9999981356240013,True,14,False,BULL_STRUCTURE,BULL_STRUCTURE,1.0,0.9509768170963142083942741845,0.9509768170963142083942741845
2021-04-10 00:00:00+00:00,3,BEAR,0.9770569098129437,True,15,False,BULL_STRUCTURE,BULL_STRUCTURE,1.0,0.9522472519409629512577235682,0.9522472519409629512577235682
2021-04-11 00:00:00+00:00,3,BEAR,0.9999720631358969,True,16,False,BULL_STRUCTURE,BULL_STRUCTURE,1.0,0.9524240895525334189425231609,0.9524240895525334189425231609
2021-04-12 00:00:00+00:00,3,BEAR,0.9999130865517756,True,17,False,BULL_STRUCTURE,BULL_STRUCTURE,1.0,0.9523162859978810833292014706,0.9523162859978810833292014706
2021-04-13 00:00:00+00:00,3,BEAR,2.8050976791386448e-05,False,17,False,BULL_STRUCTURE,BULL_STRUCTURE,1.0,0.475,0.475
2021-04-14 00:00:00+00:00,3,BEAR,1.4303849783798284e-07,False,17,False,BULL_STRUCTURE,BULL_STRUCTURE,1.0,0.4728703875233536266891133832,0.4728703875233536266891133832
2021-04-15 00:00:00+00:00,1,BULL,0.989660545484661,True,3,False,BULL_STRUCTURE,BULL_STRUCTURE,1.0,0.95,0.95
2021-04-16 00:00:00+00:00,1,BULL,0.9963835984146695,True,4,False,BULL_STRUCTURE,BULL_STRUCTURE,1.0,0.9491931767147470315078496597,0.9491931767147470315078496597
2021-04-17 00:00:00+00:00,1,BULL,0.9908726585641331,True,5,False,BULL_STRUCTURE,BULL_STRUCTURE,1.0,0.9481269907685266854691738175,0.9481269907685266854691738175
2021-04-18 00:00:00+00:00,1,BULL,0.17183781291001754,False,5,False,BULL_STRUCTURE,BULL_STRUCTURE,1.0,0.475,0.475
2021-04-19 00:00:00+00:00,1,BULL,0.11325556098286464,False,5,False,BULL_STRUCTURE,BULL_STRUCTURE,1.0,0.4729837385423034646100396206,0.4729837385423034646100396206
2021-04-20 00:00:00+00:00,2,EUPHORIA,0.9749627065369764,True,3,False,BULL_STRUCTURE,BULL_STRUCTURE,1.0,0.95,0.95
2021-04-21 00:00:00+00:00,2,EUPHORIA,0.976018756993675,True,4,False,BULL_STRUCTURE,BULL_STRUCTURE,1.0,0.60,0.60
2021-04-22 00:00:00+00:00,2,EUPHORIA,0.9923236166913748,True,5,False,BULL_STRUCTURE,BULL_STRUCTURE,1.0,0.5906941321547075536671310208,0.5906941321547075536671310208
2021-04-23 00:00:00+00:00,2,EUPHORIA,0.9604728096389494,True,6,False,BULL_STRUCTURE,BULL_STRUCTURE,1.0,0.5880303940136060034030503720,0.5880303940136060034030503720
2021-04-24 00:00:00+00:00,2,EUPHORIA,0.9886219098562532,True,7,False,BULL_STRUCTURE,BULL_STRUCTURE,1.0,0.5828616859232199283009018947,0.5828616859232199283009018947
2021-04-25 00:00:00+00:00,2,EUPHORIA,0.9554899983445022,True,8,False,BULL_STRUCTURE,BULL_STRUCTURE,1.0,0.5780405330774057513356057246,0.5780405330774057513356057246
2021-04-26 00:00:00+00:00,3,NEUTRAL,0.9999999997021405,True,1,False,BULL_STRUCTURE,BULL_STRUCTURE,1.0,0.6012227472941847738872335407,0.6012227472941847738872335407
2021-04-27 00:00:00+00:00,3,NEUTRAL,0.9999103815831458,True,2,False,BULL_STRUCTURE,BULL_STRUCTURE,1.0,0.6056595739901208950805653360,0.6056595739901208950805653360
2021-04-28 00:00:00+00:00,3,NEUTRAL,0.9999159654434941,True,3,False,BULL_STRUCTURE,BULL_STRUCTURE,1.0,0.6049386500132002483220823519,0.6049386500132002483220823519
2021-04-29 00:00:00+00:00,3,NEUTRAL,0.9999999170549961,True,4,False,BULL_STRUCTURE,BULL_STRUCTURE,1.0,0.5992309778435195715583016347,0.5992309778435195715583016347
2021-04-30 00:00:00+00:00,3,NEUTRAL,0.999999999787633,True,5,False,BULL_STRUCTURE,BULL_STRUCTURE,1.0,0.6169708238344079630225087110,0.6169708238344079630225087110
2021-05-01 00:00:00+00:00,3,NEUTRAL,0.9999561292680607,True,6,False,BULL_STRUCTURE,BULL_STRUCTURE,1.0,0.6174049207582620760009991433,0.6174049207582620760009991433
2021-05-02 00:00:00+00:00,3,NEUTRAL,0.9999999817355276,True,7,False,BULL_STRUCTURE,BULL_STRUCTURE,1.0,0.6123441829339822609384224681,0.6123441829339822609384224681
2021-05-03 00:00:00+00:00,3,NEUTRAL,0.9999997033792609,True,8,False,BULL_STRUCTURE,BULL_STRUCTURE,1.0,0.6148087607072485409846094077,0.6148087607072485409846094077
2021-05-04 00:00:00+00:00,3,NEUTRAL,0.9999999999845386,True,9,False,BULL_STRUCTURE,BULL_STRUCTURE,1.0,0.5976327711170420961794639583,0.5976327711170420961794639583
2021-05-05 00:00:00+00:00,3,NEUTRAL,0.9999999445408336,True,10,False,BULL_STRUCTURE,BULL_STRUCTURE,1.0,0.6159104637461519685593306841,0.6159104637461519685593306841
2021-05-06 00:00:00+00:00,3,NEUTRAL,0.9999957263103543,True,11,False,BULL_STRUCTURE,BULL_STRUCTURE,1.0,0.6115684220023795876364824708,0.6115684220023795876364824708
2021-05-07 00:00:00+00:00,3,NEUTRAL,0.9999995492954546,True,12,False,BULL_STRUCTURE,BULL_STRUCTURE,1.0,0.6154099613478083119131051090,0.6154099613478083119131051090
2021-05-08 00:00:00+00:00,3,NEUTRAL,0.9999978498431498,True,13,False,BULL_STRUCTURE,BULL_STRUCTURE,1.0,0.6216950964204107433487525515,0.6216950964204107433487525515
2021-05-09 00:00:00+00:00,3,NEUTRAL,0.9999932144322092,True,14,False,BULL_STRUCTURE,BULL_STRUCTURE,1.0,0.6191965850441064569196037975,0.6191965850441064569196037975
2021-05-10 00:00:00+00:00,3,NEUTRAL,0.9999970328743438,True,15,False,BULL_STRUCTURE,BULL_STRUCTURE,1.0,0.6091202617393067016164111052,0.6091202617393067016164111052
2021-05-11 00:00:00+00:00,3,NEUTRAL,0.9999997094474078,True,16,False,BULL_STRUCTURE,BULL_STRUCTURE,1.0,0.6127289973741104131892657569,0.6127289973741104131892657569
2021-05-12 00:00:00+00:00,3,NEUTRAL,0.9999999999786269,True,17,False,BULL_STRUCTURE,BULL_STRUCTURE,1.0,0.5808283556553386107499572422,0.5808283556553386107499572422
2021-05-13 00:00:00+00:00,3,NEUTRAL,0.9999999999986358,True,18,False,BULL_STRUCTURE,BULL_STRUCTURE,1.0,0.5814845412262874795142180262,0.5814845412262874795142180262
2021-05-14 00:00:00+00:00,3,NEUTRAL,0.9999999898336682,True,19,False,BULL_STRUCTURE,BULL_STRUCTURE,1.0,0.5823181352418476232235808685,0.5823181352418476232235808685
2021-05-15 00:00:00+00:00,3,NEUTRAL,0.9999984106879207,True,20,False,BULL_STRUCTURE,BULL_STRUCTURE,1.0,0.5667349281787960084081025972,0.5667349281787960084081025972
2021-05-16 00:00:00+00:00,3,NEUTRAL,0.9999999819251572,True,21,False,BULL_STRUCTURE,BULL_STRUCTURE,1.0,0.5649872958122404060686476942,0.5649872958122404060686476942
2021-05-17 00:00:00+00:00,3,NEUTRAL,0.9999717420137093,True,22,False,BULL_STRUCTURE,BULL_STRUCTURE,1.0,0.5491123674369268362894481079,0.5491123674369268362894481079
2021-05-18 00:00:00+00:00,3,NEUTRAL,0.9999943797951028,True,23,False,BULL_STRUCTURE,BULL_STRUCTURE,1.0,0.5451641636874704176045099790,0.5451641636874704176045099790
2021-05-19 00:00:00+00:00,3,NEUTRAL,1.0,True,24,False,TRANSITION,BULL_STRUCTURE,0.6,0.5064887839523684723021224193,0.5064887839523684723021224193
2021-05-20 00:00:00+00:00,3,NEUTRAL,0.9999999998976818,True,25,False,TRANSITION,BULL_STRUCTURE,0.6,0.5313113326060209121728929935,0.5313113326060209121728929935
2021-05-21 00:00:00+00:00,3,NEUTRAL,0.9993643613675611,True,26,False,TRANSITION,BULL_STRUCTURE,0.6,0.5102874991620323892500869436,0.5102874991620323892500869436
2021-05-22 00:00:00+00:00,3,NEUTRAL,0.9503511360212684,True,27,False,TRANSITION,BULL_STRUCTURE,0.6,0.5116102631086313294689764203,0.5116102631086313294689764203
2021-05-23 00:00:00+00:00,3,NEUTRAL,0.9565568392810024,True,28,False,TRANSITION,TRANSITION,0.6,0.4922254094173828216443430469,0.4922254094173828216443430469
2021-05-24 00:00:00+00:00,3,NEUTRAL,0.9909674910290082,True,29,False,TRANSITION,TRANSITION,0.6,0.5202435303566517229927677703,0.5202435303566517229927677703
2021-05-25 00:00:00+00:00,3,NEUTRAL,0.0015417267960874063,False,29,False,TRANSITION,TRANSITION,0.6,0.25,0.25
2021-05-26 00:00:00+00:00,3,NEUTRAL,7.355448788372948e-05,False,29,False,TRANSITION,TRANSITION,0.6,0.2545481970919119011014971527,0.2545481970919119011014971527
2021-05-27 00:00:00+00:00,0,BULL,0.9998607341308292,True,3,False,TRANSITION,TRANSITION,0.6,0.95,0.6
2021-05-28 00:00:00+00:00,0,BULL,0.9580024293540437,True,4,False,TRANSITION,TRANSITION,0.6,0.95,0.6
2021-05-29 00:00:00+00:00,0,BULL,0.9883908375096792,True,5,False,TRANSITION,TRANSITION,0.6,0.95,0.6
2021-05-30 00:00:00+00:00,0,BULL,0.6993984037269485,True,6,False,TRANSITION,TRANSITION,0.6,0.95,0.6
2021-05-31 00:00:00+00:00,0,BULL,0.03928014483700488,False,6,False,TRANSITION,TRANSITION,0.6,0.6105768494451858187330491030,0.6
2021-06-01 00:00:00+00:00,0,BULL,0.004363250657284524,False,6,False,TRANSITION,TRANSITION,0.6,0.5963619663730748744464842591,0.5963619663730748744464842591
2021-06-02 00:00:00+00:00,3,NEUTRAL,0.9997865905074177,True,3,False,TRANSITION,TRANSITION,0.6,0.6020254255175653833985867454,0.6
2021-06-03 00:00:00+00:00,3,NEUTRAL,0.9999973217986219,True,4,False,TRANSITION,TRANSITION,0.6,0.6104414364284783305535263594,0.6
2021-06-04 00:00:00+00:00,3,NEUTRAL,0.9999999994361133,True,5,False,TRANSITION,TRANSITION,0.6,0.5846553142767813560918720096,0.5846553142767813560918720096
2021-06-05 00:00:00+00:00,3,NEUTRAL,0.9999996055490424,True,6,False,TRANSITION,TRANSITION,0.6,0.5757944475288152594926007615,0.5757944475288152594926007615
2021-06-06 00:00:00+00:00,3,NEUTRAL,0.9999998127245993,True,7,False,TRANSITION,TRANSITION,0.6,0.5777327443384623741017588229,0.5777327443384623741017588229
2021-06-07 00:00:00+00:00,3,NEUTRAL,0.9999999984643182,True,8,False,TRANSITION,TRANSITION,0.6,0.5618683576387839508417794140,0.5618683576387839508417794140
2021-06-08 00:00:00+00:00,3,NEUTRAL,0.9999999978767846,True,9,False,TRANSITION,TRANSITION,0.6,0.5606029191248157757485665764,0.5606029191248157757485665764
2021-06-09 00:00:00+00:00,3,NEUTRAL,0.9999998508228711,True,10,False,TRANSITION,TRANSITION,0.6,0.5883090067658117407390620749,0.5883090067658117407390620749
2021-06-10 00:00:00+00:00,3,NEUTRAL,0.9999998336616184,True,11,False,TRANSITION,TRANSITION,0.6,0.5836421912631263967642545372,0.5836421912631263967642545372
2021-06-11 00:00:00+00:00,3,NEUTRAL,0.9999994105639335,True,12,False,TRANSITION,TRANSITION,0.6,0.5879454619632868443908587349,0.5879454619632868443908587349
2021-06-12 00:00:00+00:00,3,NEUTRAL,0.9999999996261977,True,13,False,TRANSITION,TRANSITION,0.6,0.5760206775437605640453204204,0.5760206775437605640453204204
2021-06-13 00:00:00+00:00,3,NEUTRAL,1.0,True,14,False,TRANSITION,TRANSITION,0.6,0.5986196856585363877571502566,0.5986196856585363877571502566
2021-06-14 00:00:00+00:00,3,NEUTRAL,0.9993636313719215,True,15,False,TRANSITION,TRANSITION,0.6,0.6076231786512917415300415149,0.6
2021-06-15 00:00:00+00:00,3,NEUTRAL,0.9999987410309326,True,16,False,TRANSITION,TRANSITION,0.6,0.5977886425062848887091320536,0.5977886425062848887091320536
2021-06-16 00:00:00+00:00,3,NEUTRAL,0.9997703974796319,True,17,False,TRANSITION,TRANSITION,0.6,0.5867422805718206936060980489,0.5867422805718206936060980489
2021-06-17 00:00:00+00:00,3,NEUTRAL,0.99999030933134,True,18,False,TRANSITION,TRANSITION,0.6,0.5851170062290598856805205661,0.5851170062290598856805205661
2021-06-18 00:00:00+00:00,3,NEUTRAL,0.10966330845105247,False,18,False,TRANSITION,TRANSITION,0.6,0.25,0.25
2021-06-19 00:00:00+00:00,3,NEUTRAL,0.5779611328936717,True,19,False,TRANSITION,TRANSITION,0.6,0.50,0.50
2021-06-20 00:00:00+00:00,3,NEUTRAL,0.5932181874885037,True,20,False,TRANSITION,TRANSITION,0.6,0.5009826282630522015305803151,0.5009826282630522015305803151
2021-06-21 00:00:00+00:00,3,NEUTRAL,0.8608391520654334,True,21,False,TRANSITION,TRANSITION,0.6,0.4712866418782580180485185499,0.4712866418782580180485185499
2021-06-22 00:00:00+00:00,3,NEUTRAL,0.39192109190346347,False,21,False,TRANSITION,TRANSITION,0.6,0.4782923008223151339935674970,0.4782923008223151339935674970
2021-06-23 00:00:00+00:00,3,NEUTRAL,0.012862821900799064,False,21,False,TRANSITION,TRANSITION,0.6,0.4871096743507621791782451325,0.4871096743507621791782451325
2021-06-24 00:00:00+00:00,0,BULL,0.9234693508218597,True,3,False,TRANSITION,TRANSITION,0.6,0.95,0.6
2021-06-25 00:00:00+00:00,0,BULL,0.2936849162000035,False,3,False,TRANSITION,TRANSITION,0.6,0.5775672630409640488533428575,0.5775672630409640488533428575
2021-06-26 00:00:00+00:00,0,BULL,0.3384639906154633,False,3,False,TRANSITION,TRANSITION,0.6,0.5829002509449915213977509739,0.5829002509449915213977509739
2021-06-27 00:00:00+00:00,3,NEUTRAL,0.999565977093618,True,3,False,TRANSITION,TRANSITION,0.6,0.6003393462630296059291767100,0.6
2021-06-28 00:00:00+00:00,3,NEUTRAL,0.9982796025714632,True,4,False,TRANSITION,TRANSITION,0.6,0.5985591069586211233968104477,0.5985591069586211233968104477
2021-06-29 00:00:00+00:00,3,NEUTRAL,0.9998893214495761,True,5,False,TRANSITION,TRANSITION,0.6,0.6081917759190945385678783525,0.6
2021-06-30 00:00:00+00:00,3,NEUTRAL,0.9999999962356014,True,6,False,TRANSITION,TRANSITION,0.6,0.5941288085819730789275511261,0.5941288085819730789275511261
2021-07-01 00:00:00+00:00,3,NEUTRAL,0.9999996015395366,True,7,False,TRANSITION,TRANSITION,0.6,0.5832459622176885478914968231,0.5832459622176885478914968231
2021-07-02 00:00:00+00:00,3,NEUTRAL,0.9944178274422978,True,8,False,TRANSITION,TRANSITION,0.6,0.5852808183408138877169949512,0.5852808183408138877169949512
2021-07-03 00:00:00+00:00,3,NEUTRAL,0.9998285190416148,True,9,False,TRANSITION,TRANSITION,0.6,0.5915259131483077261620316385,0.5915259131483077261620316385
2021-07-04 00:00:00+00:00,3,NEUTRAL,0.9991863655077176,True,10,False,TRANSITION,TRANSITION,0.6,0.5957838289722547729076087828,0.5957838289722547729076087828
2021-07-05 00:00:00+00:00,3,NEUTRAL,0.999954046420473,True,11,False,TRANSITION,TRANSITION,0.6,0.5845870370710002263667753753,0.5845870370710002263667753753
2021-07-06 00:00:00+00:00,3,NEUTRAL,0.9999655340676056,True,12,False,TRANSITION,TRANSITION,0.6,0.5883716457356928038274969828,0.5883716457356928038274969828
2021-07-07 00:00:00+00:00,3,NEUTRAL,0.9999844460699031,True,13,False,TRANSITION,TRANSITION,0.6,0.5858230137416775358465403987,0.5858230137416775358465403987
2021-07-08 00:00:00+00:00,3,NEUTRAL,0.9999037025371068,True,14,False,TRANSITION,TRANSITION,0.6,0.5786323169754215571379933731,0.5786323169754215571379933731
2021-07-09 00:00:00+00:00,3,NEUTRAL,0.9999823371840758,True,15,False,TRANSITION,TRANSITION,0.6,0.5854909196768209357326374668,0.5854909196768209357326374668
2021-07-10 00:00:00+00:00,3,NEUTRAL,0.9999968875757309,True,16,False,TRANSITION,TRANSITION,0.6,0.5832327580478807752989623771,0.5832327580478807752989623771
2021-07-11 00:00:00+00:00,3,NEUTRAL,0.9999973367302113,True,17,False,TRANSITION,TRANSITION,0.6,0.5886473400109152559328594238,0.5886473400109152559328594238
2021-07-12 00:00:00+00:00,3,NEUTRAL,0.9999947546162967,True,18,False,TRANSITION,TRANSITION,0.6,0.5801907827781638772140207203,0.5801907827781638772140207203
2021-07-13 00:00:00+00:00,3,NEUTRAL,0.9999964386856596,True,19,False,TRANSITION,TRANSITION,0.6,0.5775471911771922617524244586,0.5775471911771922617524244586
2021-07-14 00:00:00+00:00,3,NEUTRAL,0.9998445670331885,True,20,False,TRANSITION,TRANSITION,0.6,0.5782188965959448915280365754,0.5782188965959448915280365754
2021-07-15 00:00:00+00:00,3,NEUTRAL,0.9998748656900008,True,21,False,TRANSITION,TRANSITION,0.6,0.5711160850559650572544580571,0.5711160850559650572544580571
2021-07-16 00:00:00+00:00,3,NEUTRAL,0.9997816821466154,True,22,False,TRANSITION,TRANSITION,0.6,0.5672700027856344877807572953,0.5672700027856344877807572953
2021-07-17 00:00:00+00:00,3,NEUTRAL,0.9998831936389269,True,23,False,TRANSITION,TRANSITION,0.6,0.5683327000947669926254207509,0.5683327000947669926254207509
2021-07-18 00:00:00+00:00,3,NEUTRAL,0.9999580183761718,True,24,False,TRANSITION,TRANSITION,0.6,0.5703352756810995866662589700,0.5703352756810995866662589700
2021-07-19 00:00:00+00:00,3,NEUTRAL,0.9998683005194072,True,25,False,TRANSITION,TRANSITION,0.6,0.5629709964963308000006384233,0.5629709964963308000006384233
2021-07-20 00:00:00+00:00,3,NEUTRAL,0.999253389413801,True,26,False,TRANSITION,TRANSITION,0.6,0.5544363406034280365412311901,0.5544363406034280365412311901
2021-07-21 00:00:00+00:00,3,NEUTRAL,0.9999999999649845,True,27,False,TRANSITION,TRANSITION,0.6,0.5731388007998829700997146982,0.5731388007998829700997146982
2021-07-22 00:00:00+00:00,3,NEUTRAL,0.9999999256365327,True,28,False,TRANSITION,TRANSITION,0.6,0.5742268238534653782766514720,0.5742268238534653782766514720
2021-07-23 00:00:00+00:00,3,NEUTRAL,0.9999924447682871,True,29,False,TRANSITION,TRANSITION,0.6,0.5841826245297716609438809539,0.5841826245297716609438809539
2021-07-24 00:00:00+00:00,3,NEUTRAL,0.9998862007528493,True,30,False,TRANSITION,TRANSITION,0.6,0.5886413321453074363907817895,0.5886413321453074363907817895
2021-07-25 00:00:00+00:00,3,NEUTRAL,0.9999999770252546,True,31,False,TRANSITION,TRANSITION,0.6,0.5964278187737645289785907284,0.5964278187737645289785907284
2021-07-26 00:00:00+00:00,3,NEUTRAL,0.9999999999990905,True,32,False,TRANSITION,TRANSITION,0.6,0.6086750727369824897522485756,0.6
2021-07-27 00:00:00+00:00,3,NEUTRAL,1.0,True,33,False,TRANSITION,TRANSITION,0.6,0.6137983266035563197095296810,0.6
2021-07-28 00:00:00+00:00,3,NEUTRAL,1.0,True,34,False,TRANSITION,TRANSITION,0.6,0.6034050764444686328693390367,0.6
2021-07-29 00:00:00+00:00,3,NEUTRAL,1.0,True,35,False,TRANSITION,TRANSITION,0.6,0.5999841196961037706392126211,0.5999841196961037706392126211
2021-07-30 00:00:00+00:00,3,NEUTRAL,1.0,True,36,False,TRANSITION,TRANSITION,0.6,0.6127006871348994049837247956,0.6
2021-07-31 00:00:00+00:00,3,NEUTRAL,1.0,True,37,False,TRANSITION,TRANSITION,0.6,0.5957308316360156375807410053,0.5957308316360156375807410053
2021-08-01 00:00:00+00:00,3,NEUTRAL,0.9999999999990905,True,38,False,TRANSITION,TRANSITION,0.6,0.5861186125263892572521093134,0.5861186125263892572521093134
2021-08-02 00:00:00+00:00,3,NEUTRAL,0.9999999999126885,True,39,False,TRANSITION,TRANSITION,0.6,0.5818273864436039460533452450,0.5818273864436039460533452450
2021-08-03 00:00:00+00:00,3,NEUTRAL,0.9999999997899067,True,40,False,TRANSITION,TRANSITION,0.6,0.5758975762679923188936871063,0.5758975762679923188936871063
2021-08-04 00:00:00+00:00,3,NEUTRAL,1.0,True,41,False,TRANSITION,TRANSITION,0.6,0.5853729386628181525092523162,0.5853729386628181525092523162
2021-08-05 00:00:00+00:00,3,NEUTRAL,0.9999859498371068,True,42,False,TRANSITION,TRANSITION,0.6,0.5922190822821323615009322338,0.5922190822821323615009322338
2021-08-06 00:00:00+00:00,3,NEUTRAL,0.9999986696111346,True,43,False,TRANSITION,TRANSITION,0.6,0.6035631610922812195044077286,0.6
2021-08-07 00:00:00+00:00,3,NEUTRAL,0.9999995830376934,True,44,False,TRANSITION,TRANSITION,0.6,0.6094953837460397838273330506,0.6
2021-08-08 00:00:00+00:00,3,NEUTRAL,0.9999999952460712,True,45,False,TRANSITION,TRANSITION,0.6,0.5957725749063162944139898566,0.5957725749063162944139898566
2021-08-09 00:00:00+00:00,3,NEUTRAL,0.9999998746998323,True,46,False,BULL_STRUCTURE,TRANSITION,0.6,0.6088572031552145797300453873,0.6
2021-08-10 00:00:00+00:00,3,NEUTRAL,0.9999999952951839,True,47,False,BULL_STRUCTURE,TRANSITION,0.6,0.5965310960391003666470122606,0.5965310960391003666470122606
2021-08-11 00:00:00+00:00,3,NEUTRAL,0.9998922882001648,True,48,False,BULL_STRUCTURE,TRANSITION,0.6,0.5961400615841979285357885424,0.5961400615841979285357885424
2021-08-12 00:00:00+00:00,3,NEUTRAL,0.9967178166756258,True,49,False,BULL_STRUCTURE,TRANSITION,0.6,0.5901705349212642477692287534,0.5901705349212642477692287534
2021-08-13 00:00:00+00:00,3,NEUTRAL,0.9999997785708065,True,50,False,BULL_STRUCTURE,BULL_STRUCTURE,1.0,0.6078965701276543910351207123,0.6078965701276543910351207123
2021-08-14 00:00:00+00:00,3,NEUTRAL,0.9994561658443925,True,51,False,BULL_STRUCTURE,BULL_STRUCTURE,1.0,0.6042146881538657947310737686,0.6042146881538657947310737686
2021-08-15 00:00:00+00:00,3,NEUTRAL,0.9998963710479196,True,52,False,BULL_STRUCTURE,BULL_STRUCTURE,1.0,0.6037330145628649438135413183,0.6037330145628649438135413183
2021-08-16 00:00:00+00:00,3,NEUTRAL,0.9999429278502697,True,53,False,BULL_STRUCTURE,BULL_STRUCTURE,1.0,0.5981942275315174845286134817,0.5981942275315174845286134817
2021-08-17 00:00:00+00:00,3,NEUTRAL,0.9998940762958255,True,54,False,BULL_STRUCTURE,BULL_STRUCTURE,1.0,0.5917818481629794418863717051,0.5917818481629794418863717051
2021-08-18 00:00:00+00:00,3,NEUTRAL,0.9999724300959104,True,55,False,BULL_STRUCTURE,BULL_STRUCTURE,1.0,0.5918323234680860271222407797,0.5918323234680860271222407797
2021-08-19 00:00:00+00:00,3,NEUTRAL,0.9941308203644236,True,56,False,BULL_STRUCTURE,BULL_STRUCTURE,1.0,0.6026441952681062944408159627,0.6026441952681062944408159627
2021-08-20 00:00:00+00:00,3,NEUTRAL,0.9986368420971053,True,57,False,BULL_STRUCTURE,BULL_STRUCTURE,1.0,0.6153442797448276500150447736,0.6153442797448276500150447736
2021-08-21 00:00:00+00:00,3,NEUTRAL,0.9991299094266626,True,58,False,BULL_STRUCTURE,BULL_STRUCTURE,1.0,0.6129268310620968339314001905,0.6129268310620968339314001905
2021-08-22 00:00:00+00:00,3,NEUTRAL,0.9980877052075331,True,59,False,BULL_STRUCTURE,BULL_STRUCTURE,1.0,0.6149443524089053484454227840,0.6149443524089053484454227840
2021-08-23 00:00:00+00:00,3,NEUTRAL,0.9926918885370078,True,60,False,BULL_STRUCTURE,BULL_STRUCTURE,1.0,0.6161410738535937569052457022,0.6161410738535937569052457022
2021-08-24 00:00:00+00:00,3,NEUTRAL,0.9907866926358952,True,61,False,BULL_STRUCTURE,BULL_STRUCTURE,1.0,0.6072673031637682814595970910,0.6072673031637682814595970910
2021-08-25 00:00:00+00:00,3,NEUTRAL,0.8287848426850404,True,62,False,BULL_STRUCTURE,BULL_STRUCTURE,1.0,0.6136613983840425618565346909,0.6136613983840425618565346909
2021-08-26 00:00:00+00:00,3,NEUTRAL,0.8070663228029935,True,63,False,BULL_STRUCTURE,BULL_STRUCTURE,1.0,0.6030700669961630576938092188,0.6030700669961630576938092188
2021-08-27 00:00:00+00:00,3,NEUTRAL,0.9992741985977717,True,64,False,BULL_STRUCTURE,BULL_STRUCTURE,1.0,0.6141283794784873261848880202,0.6141283794784873261848880202
2021-08-28 00:00:00+00:00,3,NEUTRAL,0.9970392699860379,True,65,False,BULL_STRUCTURE,BULL_STRUCTURE,1.0,0.6132835744970158884454348014,0.6132835744970158884454348014
2021-08-29 00:00:00+00:00,3,NEUTRAL,0.503523105452807,True,66,False,BULL_STRUCTURE,BULL_STRUCTURE,1.0,0.25,0.25
2021-08-30 00:00:00+00:00,3,NEUTRAL,0.7776222102581087,True,67,False,BULL_STRUCTURE,BULL_STRUCTURE,1.0,0.50,0.50
2021-08-31 00:00:00+00:00,3,NEUTRAL,0.11538006290909307,False,67,False,BULL_STRUCTURE,BULL_STRUCTURE,1.0,0.25,0.25
2021-09-01 00:00:00+00:00,3,NEUTRAL,0.005790951822054947,False,67,False,BULL_STRUCTURE,BULL_STRUCTURE,1.0,0.2568264975990383179500161479,0.2568264975990383179500161479
2021-09-02 00:00:00+00:00,3,NEUTRAL,0.000227956951197445,False,67,False,BULL_STRUCTURE,BULL_STRUCTURE,1.0,0.2585279788433564679972516609,0.2585279788433564679972516609
2021-09-03 00:00:00+00:00,3,NEUTRAL,7.666424293007892e-05,False,67,False,BULL_STRUCTURE,BULL_STRUCTURE,1.0,0.2614455400480869600471696828,0.2614455400480869600471696828
2021-09-04 00:00:00+00:00,3,NEUTRAL,1.0170633428321517e-07,False,67,False,BULL_STRUCTURE,BULL_STRUCTURE,1.0,0.2611229303879960631028852826,0.2611229303879960631028852826
2021-09-05 00:00:00+00:00,1,BEAR,0.9904602274050828,True,3,False,BULL_STRUCTURE,BULL_STRUCTURE,1.0,0.95,0.95
2021-09-06 00:00:00+00:00,1,BEAR,0.8223109221147379,True,4,False,BULL_STRUCTURE,BULL_STRUCTURE,1.0,0.9516473752427242424723709684,0.9516473752427242424723709684
2021-09-07 00:00:00+00:00,1,BEAR,1.538637088831879e-41,False,4,False,BULL_STRUCTURE,BULL_STRUCTURE,1.0,0.475,0.475
2021-09-08 00:00:00+00:00,1,BEAR,6.806648889852989e-10,False,4,False,BULL_STRUCTURE,BULL_STRUCTURE,1.0,0.4708895421988218598691328452,0.4708895421988218598691328452
2021-09-09 00:00:00+00:00,1,BEAR,2.420267789306949e-09,False,4,False,BULL_STRUCTURE,BULL_STRUCTURE,1.0,0.4727594955489729796175527725,0.4727594955489729796175527725
2021-09-10 00:00:00+00:00,4,CRASH,0.9999999999772626,True,3,False,TRANSITION,BULL_STRUCTURE,0.6,0.4643304832196606112674305195,0.4643304832196606112674305195
2021-09-11 00:00:00+00:00,4,CRASH,0.9999999999990905,True,4,False,TRANSITION,BULL_STRUCTURE,0.6,0.95,0.6
2021-09-12 00:00:00+00:00,4,CRASH,0.003115957122200126,False,4,False,TRANSITION,BULL_STRUCTURE,0.6,0.6045772117611711666106088926,0.6
2021-09-13 00:00:00+00:00,4,CRASH,0.0011866101323489682,False,4,False,TRANSITION,BULL_STRUCTURE,0.6,0.30,0.30
2021-09-14 00:00:00+00:00,4,CRASH,2.6289302428605966e-06,False,4,False,BULL_STRUCTURE,BULL_STRUCTURE,1.0,0.3101146932796620626622547301,0.3101146932796620626622547301
2021-09-15 00:00:00+00:00,4,CRASH,3.2120327348637955e-08,False,4,False,BULL_STRUCTURE,BULL_STRUCTURE,1.0,0.3146705357906584870179420276,0.3146705357906584870179420276
2021-09-16 00:00:00+00:00,4,CRASH,9.42460184969198e-06,False,4,False,BULL_STRUCTURE,BULL_STRUCTURE,1.0,0.3129471792398435986766838186,0.3129471792398435986766838186
2021-09-17 00:00:00+00:00,1,BEAR,0.9915210216550749,True,3,False,BULL_STRUCTURE,BULL_STRUCTURE,1.0,0.95,0.95
2021-09-18 00:00:00+00:00,1,BEAR,0.9940813934722075,True,4,False,BULL_STRUCTURE,BULL_STRUCTURE,1.0,0.9517525113391982050341896190,0.9517525113391982050341896190
2021-09-19 00:00:00+00:00,1,BEAR,0.8988797022535585,True,5,False,BULL_STRUCTURE,BULL_STRUCTURE,1.0,0.9507320291139988448139520813,0.9507320291139988448139520813
2021-09-20 00:00:00+00:00,1,BEAR,3.49805213370762e-26,False,5,False,TRANSITION,BULL_STRUCTURE,0.6,0.475,0.475
2021-09-21 00:00:00+00:00,1,BEAR,1.6813466906077842e-32,False,5,False,BEAR_STRUCTURE,BULL_STRUCTURE,0.3,0.4617164049322073380554129637,0.3
2021-09-22 00:00:00+00:00,1,BEAR,8.627849874039438e-17,False,5,False,BEAR_STRUCTURE,BULL_STRUCTURE,0.3,0.3142547423699317791284834899,0.3
2021-09-23 00:00:00+00:00,3,NEUTRAL,0.9406152812104385,True,3,False,BEAR_STRUCTURE,BULL_STRUCTURE,0.3,0.3063084596032158831747723163,0.3
2021-09-24 00:00:00+00:00,3,NEUTRAL,0.9999200658401928,True,4,False,BEAR_STRUCTURE,BULL_STRUCTURE,0.3,0.2902506797306966746731542365,0.2902506797306966746731542365
2021-09-25 00:00:00+00:00,3,NEUTRAL,0.9897002933951102,True,5,False,BEAR_STRUCTURE,BEAR_STRUCTURE,0.3,0.2895766946714407200468558291,0.2895766946714407200468558291
2021-09-26 00:00:00+00:00,3,NEUTRAL,0.39607916404551863,False,5,False,BEAR_STRUCTURE,BEAR_STRUCTURE,0.3,0.2919324793037504546689058898,0.2919324793037504546689058898
2021-09-27 00:00:00+00:00,3,NEUTRAL,0.990707735709067,True,6,False,BEAR_STRUCTURE,BEAR_STRUCTURE,0.3,0.2870448380784919598446428853,0.2870448380784919598446428853
2021-09-28 00:00:00+00:00,3,NEUTRAL,0.9998602365111209,True,7,False,BEAR_STRUCTURE,BEAR_STRUCTURE,0.3,0.2815607869735508448940486950,0.2815607869735508448940486950
2021-09-29 00:00:00+00:00,3,NEUTRAL,0.9999908821752834,True,8,False,BEAR_STRUCTURE,BEAR_STRUCTURE,0.3,0.2840065752328973129000390397,0.2840065752328973129000390397
2021-09-30 00:00:00+00:00,3,NEUTRAL,0.9999394932763355,True,9,False,BEAR_STRUCTURE,BEAR_STRUCTURE,0.3,0.2950945190779570262591816107,0.2950945190779570262591816107
2021-10-01 00:00:00+00:00,3,NEUTRAL,0.9999999916853994,True,10,False,TRANSITION,BEAR_STRUCTURE,0.3,0.3150088825418393586218780243,0.3
2021-10-02 00:00:00+00:00,3,NEUTRAL,0.9999975560733979,True,11,False,TRANSITION,BEAR_STRUCTURE,0.3,0.2977881209276924447613801941,0.2977881209276924447613801941
2021-10-03 00:00:00+00:00,3,NEUTRAL,0.9999900638588551,True,12,False,TRANSITION,BEAR_STRUCTURE,0.3,0.3002601394363015495760315694,0.3
2021-10-04 00:00:00+00:00,3,NEUTRAL,0.9989163392123493,True,13,False,TRANSITION,BEAR_STRUCTURE,0.3,0.3044369394911582104198649118,0.3
2021-10-05 00:00:00+00:00,3,NEUTRAL,0.9994796423563309,True,14,False,TRANSITION,TRANSITION,0.6,0.3094577236678904572834703301,0.3094577236678904572834703301
2021-10-06 00:00:00+00:00,3,NEUTRAL,0.9999999507454062,True,15,False,TRANSITION,TRANSITION,0.6,0.3250522446600058032289187999,0.3250522446600058032289187999
2021-10-07 00:00:00+00:00,3,NEUTRAL,0.9999994774863354,True,16,False,TRANSITION,TRANSITION,0.6,0.3189297112126069602166380672,0.3189297112126069602166380672
2021-10-08 00:00:00+00:00,3,NEUTRAL,0.9996316889613387,True,17,False,TRANSITION,TRANSITION,0.6,0.3196002953810720975032955872,0.3196002953810720975032955872
2021-10-09 00:00:00+00:00,3,NEUTRAL,0.9999752794082866,True,18,False,TRANSITION,TRANSITION,0.6,0.3236003352146816147690790704,0.3236003352146816147690790704
2021-10-10 00:00:00+00:00,3,NEUTRAL,0.9999999196634267,True,19,False,TRANSITION,TRANSITION,0.6,0.3224403139589984059942106601,0.3224403139589984059942106601
2021-10-11 00:00:00+00:00,3,NEUTRAL,0.9999998399216693,True,20,False,TRANSITION,TRANSITION,0.6,0.3334978553268857107974964789,0.3334978553268857107974964789
2021-10-12 00:00:00+00:00,3,NEUTRAL,0.9999999252522712,True,21,False,TRANSITION,TRANSITION,0.6,0.3277461562790713540516847072,0.3277461562790713540516847072
2021-10-13 00:00:00+00:00,3,NEUTRAL,0.9999999882074918,True,22,False,TRANSITION,TRANSITION,0.6,0.3330940252066897711536083292,0.3330940252066897711536083292
2021-10-14 00:00:00+00:00,3,NEUTRAL,0.9999999893052519,True,23,False,TRANSITION,TRANSITION,0.6,0.3330202109460583578291266645,0.3330202109460583578291266645
2021-10-15 00:00:00+00:00,3,NEUTRAL,0.9999999997635314,True,24,False,TRANSITION,TRANSITION,0.6,0.3493593017976934756850824727,0.3493593017976934756850824727
2021-10-16 00:00:00+00:00,3,NEUTRAL,0.9999981556956027,True,25,False,TRANSITION,TRANSITION,0.6,0.3464090169439541187318218621,0.3464090169439541187318218621
2021-10-17 00:00:00+00:00,3,NEUTRAL,0.9999928098181242,True,26,False,TRANSITION,TRANSITION,0.6,0.3488277923134985507221535488,0.3488277923134985507221535488
2021-10-18 00:00:00+00:00,3,NEUTRAL,0.9997259634701706,True,27,False,TRANSITION,TRANSITION,0.6,0.3506005654776308552081828704,0.3506005654776308552081828704
2021-10-19 00:00:00+00:00,3,NEUTRAL,0.999827945599584,True,28,False,TRANSITION,TRANSITION,0.6,0.3588323300249541128694481532,0.3588323300249541128694481532
2021-10-20 00:00:00+00:00,3,NEUTRAL,0.7579614244972878,True,29,False,TRANSITION,TRANSITION,0.6,0.3649328493176932037543027033,0.3649328493176932037543027033
2021-10-21 00:00:00+00:00,3,NEUTRAL,0.9984343576637985,True,30,False,TRANSITION,TRANSITION,0.6,0.3512729228699401055566860129,0.3512729228699401055566860129
2021-10-22 00:00:00+00:00,3,NEUTRAL,0.9981621155095725,True,31,False,TRANSITION,TRANSITION,0.6,0.3457114768954654012166123118,0.3457114768954654012166123118
2021-10-23 00:00:00+00:00,3,NEUTRAL,0.999968051961455,True,32,False,TRANSITION,TRANSITION,0.6,0.3479347171601051989920654925,0.3479347171601051989920654925
2021-10-24 00:00:00+00:00,3,NEUTRAL,0.9980014374364522,True,33,False,TRANSITION,TRANSITION,0.6,0.3463221615501623082577552543,0.3463221615501623082577552543
2021-10-25 00:00:00+00:00,0,BULL,0.9999999998258318,True,1,False,TRANSITION,TRANSITION,0.6,0.95,0.6
2021-10-26 00:00:00+00:00,0,BULL,0.9999999998681233,True,2,False,TRANSITION,TRANSITION,0.6,0.95,0.6
2021-10-27 00:00:00+00:00,0,BULL,0.9999999991086952,True,3,False,TRANSITION,TRANSITION,0.6,0.95,0.6
2021-10-28 00:00:00+00:00,0,BULL,0.9999999985134309,True,4,False,TRANSITION,TRANSITION,0.6,0.95,0.6
2021-10-29 00:00:00+00:00,0,BULL,0.9999999762421797,True,5,False,TRANSITION,TRANSITION,0.6,0.95,0.6
2021-10-30 00:00:00+00:00,0,BULL,0.9999997248515152,True,6,False,BULL_STRUCTURE,TRANSITION,0.6,0.95,0.6
2021-10-31 00:00:00+00:00,0,BULL,0.9999996382303579,True,7,False,BULL_STRUCTURE,TRANSITION,0.6,0.95,0.6
2021-11-01 00:00:00+00:00,0,BULL,0.9999942608188649,True,8,False,BULL_STRUCTURE,TRANSITION,0.6,0.95,0.6
2021-11-02 00:00:00+00:00,0,BULL,0.9999994513615689,True,9,False,BULL_STRUCTURE,TRANSITION,0.6,0.95,0.6
2021-11-03 00:00:00+00:00,0,BULL,0.9999224195416915,True,10,False,BULL_STRUCTURE,BULL_STRUCTURE,1.0,0.95,0.95
2021-11-04 00:00:00+00:00,0,BULL,0.9996232075694372,True,11,False,BULL_STRUCTURE,BULL_STRUCTURE,1.0,0.9492827094258701472853644130,0.9492827094258701472853644130
2021-11-05 00:00:00+00:00,0,BULL,0.9993845229765346,True,12,False,BULL_STRUCTURE,BULL_STRUCTURE,1.0,0.9489210786588405737626656952,0.9489210786588405737626656952
2021-11-06 00:00:00+00:00,0,BULL,0.998495186094304,True,13,False,BULL_STRUCTURE,BULL_STRUCTURE,1.0,0.9493419245955006401999037091,0.9493419245955006401999037091
2021-11-07 00:00:00+00:00,0,BULL,0.9972380318116857,True,14,False,BULL_STRUCTURE,BULL_STRUCTURE,1.0,0.9507142817073343996365310605,0.9507142817073343996365310605
2021-11-08 00:00:00+00:00,0,BULL,0.999981541841231,True,15,False,BULL_STRUCTURE,BULL_STRUCTURE,1.0,0.9536741264300073258557378652,0.9536741264300073258557378652
2021-11-09 00:00:00+00:00,0,BULL,0.9999885117677486,True,16,False,BULL_STRUCTURE,BULL_STRUCTURE,1.0,0.9532927357705110676620210782,0.9532927357705110676620210782
2021-11-10 00:00:00+00:00,0,BULL,0.9996006631007585,True,17,False,BULL_STRUCTURE,BULL_STRUCTURE,1.0,0.9518775715415399200330220354,0.9518775715415399200330220354
2021-11-11 00:00:00+00:00,0,BULL,0.9981488240153572,True,18,False,BULL_STRUCTURE,BULL_STRUCTURE,1.0,0.9518010826971522793792337152,0.9518010826971522793792337152
2021-11-12 00:00:00+00:00,0,BULL,0.9706714667619141,True,19,False,BULL_STRUCTURE,BULL_STRUCTURE,1.0,0.9513348211111698817819901869,0.9513348211111698817819901869
2021-11-13 00:00:00+00:00,0,BULL,0.7985160262951332,True,20,False,BULL_STRUCTURE,BULL_STRUCTURE,1.0,0.9515202245337221896726979930,0.9515202245337221896726979930
2021-11-14 00:00:00+00:00,0,BULL,0.35408025472851123,False,20,False,BULL_STRUCTURE,BULL_STRUCTURE,1.0,0.475,0.475
2021-11-15 00:00:00+00:00,0,BULL,0.011361186971651947,False,20,False,BULL_STRUCTURE,BULL_STRUCTURE,1.0,0.4679125714309478456233805966,0.4679125714309478456233805966
2021-11-16 00:00:00+00:00,0,BULL,9.290087555573334e-08,False,20,False,BULL_STRUCTURE,BULL_STRUCTURE,1.0,0.4536532911540180737403629535,0.4536532911540180737403629535
2021-11-17 00:00:00+00:00,0,BULL,1.7382337781766782e-06,False,20,False,BULL_STRUCTURE,BULL_STRUCTURE,1.0,0.4548310166624813604486696692,0.4548310166624813604486696692
2021-11-18 00:00:00+00:00,1,CRASH,0.6512093087091674,True,3,False,BULL_STRUCTURE,BULL_STRUCTURE,1.0,0.4402622655743680004398007243,0.4402622655743680004398007243
2021-11-19 00:00:00+00:00,1,CRASH,0.029199934587943416,False,3,False,BULL_STRUCTURE,BULL_STRUCTURE,1.0,0.4452448487508623127726003499,0.4452448487508623127726003499
2021-11-20 00:00:00+00:00,1,CRASH,0.00011214333022652905,False,3,False,BULL_STRUCTURE,BULL_STRUCTURE,1.0,0.4521994341126842004098510767,0.4521994341126842004098510767
2021-11-21 00:00:00+00:00,4,BEAR,0.999345821577054,True,3,False,BULL_STRUCTURE,BULL_STRUCTURE,1.0,0.95,0.95
2021-11-22 00:00:00+00:00,4,BEAR,0.998675259405065,True,4,False,BULL_STRUCTURE,BULL_STRUCTURE,1.0,0.9486464672836413983010093348,0.9486464672836413983010093348
2021-11-23 00:00:00+00:00,4,BEAR,0.9957818915036398,True,5,False,BULL_STRUCTURE,BULL_STRUCTURE,1.0,0.9497433536189527434167435477,0.9497433536189527434167435477
2021-11-24 00:00:00+00:00,4,BEAR,0.9972667516557693,True,6,False,BULL_STRUCTURE,BULL_STRUCTURE,1.0,0.9494068404108818570109905085,0.9494068404108818570109905085
2021-11-25 00:00:00+00:00,4,BEAR,0.9827357902825116,True,7,False,BULL_STRUCTURE,BULL_STRUCTURE,1.0,0.9508935585453629505717458230,0.9508935585453629505717458230
2021-11-26 00:00:00+00:00,4,BEAR,0.24846873305264805,False,7,False,BULL_STRUCTURE,BULL_STRUCTURE,1.0,0.475,0.475
2021-11-27 00:00:00+00:00,4,BEAR,0.9311876450322277,True,8,False,BULL_STRUCTURE,BULL_STRUCTURE,1.0,0.95,0.95
2021-11-28 00:00:00+00:00,4,BEAR,0.9964108887338121,True,9,False,BULL_STRUCTURE,BULL_STRUCTURE,1.0,0.9526832025778757602157850545,0.9526832025778757602157850545
2021-11-29 00:00:00+00:00,4,BEAR,0.995773510741778,True,10,False,BULL_STRUCTURE,BULL_STRUCTURE,1.0,0.9530745398415574208159324949,0.9530745398415574208159324949
2021-11-30 00:00:00+00:00,4,BEAR,0.9920162128137944,True,11,False,BULL_STRUCTURE,BULL_STRUCTURE,1.0,0.9524265636251846986340855103,0.9524265636251846986340855103
2021-12-01 00:00:00+00:00,4,BEAR,0.996592520036411,True,12,False,BULL_STRUCTURE,BULL_STRUCTURE,1.0,0.9526116228848487034054606451,0.9526116228848487034054606451
2021-12-02 00:00:00+00:00,4,BEAR,0.9965989833410863,True,13,False,BULL_STRUCTURE,BULL_STRUCTURE,1.0,0.9520494885365840053472984447,0.9520494885365840053472984447
2021-12-03 00:00:00+00:00,4,BEAR,0.6669445772585255,True,14,False,BULL_STRUCTURE,BULL_STRUCTURE,1.0,0.9496035379472989782082099338,0.9496035379472989782082099338
2021-12-04 00:00:00+00:00,4,BEAR,1.0631881313925531e-13,False,14,False,BULL_STRUCTURE,BULL_STRUCTURE,1.0,0.475,0.475
2021-12-05 00:00:00+00:00,4,BEAR,0.044162523027450315,False,14,False,BULL_STRUCTURE,BULL_STRUCTURE,1.0,0.4765241596610986925418227927,0.4765241596610986925418227927
2021-12-06 00:00:00+00:00,1,CRASH,0.994198587521776,True,3,False,BULL_STRUCTURE,BULL_STRUCTURE,1.0,0.4817516065171395887858985256,0.4817516065171395887858985256
2021-12-07 00:00:00+00:00,1,CRASH,0.9883568066482298,True,4,False,BULL_STRUCTURE,BULL_STRUCTURE,1.0,0.4824783247621941384022406198,0.4824783247621941384022406198
2021-12-08 00:00:00+00:00,1,CRASH,0.9983533033712609,True,5,False,BULL_STRUCTURE,BULL_STRUCTURE,1.0,0.4818964406291235209210108886,0.4818964406291235209210108886
2021-12-09 00:00:00+00:00,1,CRASH,0.9888415143535604,True,6,False,BULL_STRUCTURE,BULL_STRUCTURE,1.0,0.4670081199651465204185730038,0.4670081199651465204185730038
2021-12-10 00:00:00+00:00,1,CRASH,0.7794114354325773,True,7,False,BULL_STRUCTURE,BULL_STRUCTURE,1.0,0.4648791245766393227292096694,0.4648791245766393227292096694
2021-12-11 00:00:00+00:00,1,CRASH,0.7939423209935119,True,8,False,BULL_STRUCTURE,BULL_STRUCTURE,1.0,0.4764921410341300119062775456,0.4764921410341300119062775456
2021-12-12 00:00:00+00:00,1,CRASH,0.7541857342884931,True,9,False,BULL_STRUCTURE,BULL_STRUCTURE,1.0,0.4798239215964825493834730005,0.4798239215964825493834730005
2021-12-13 00:00:00+00:00,1,CRASH,0.9877310020133675,True,10,False,BULL_STRUCTURE,BULL_STRUCTURE,1.0,0.4625588346376561448649898112,0.4625588346376561448649898112
2021-12-14 00:00:00+00:00,1,CRASH,0.9993916827044287,True,11,False,BULL_STRUCTURE,BULL_STRUCTURE,1.0,0.4711517352099435612554909089,0.4711517352099435612554909089
2021-12-15 00:00:00+00:00,1,CRASH,0.9998595611313166,True,12,False,BULL_STRUCTURE,BULL_STRUCTURE,1.0,0.4738270447642194486403355125,0.4738270447642194486403355125
2021-12-16 00:00:00+00:00,1,CRASH,0.9999981837839309,True,13,False,BULL_STRUCTURE,BULL_STRUCTURE,1.0,0.4674620975421047424109728644,0.4674620975421047424109728644
2021-12-17 00:00:00+00:00,1,CRASH,0.9999536541407709,True,14,False,BULL_STRUCTURE,BULL_STRUCTURE,1.0,0.4594991608357601543145510520,0.4594991608357601543145510520
2021-12-18 00:00:00+00:00,1,CRASH,0.997736155580589,True,15,False,BULL_STRUCTURE,BULL_STRUCTURE,1.0,0.4632591181373616887983527576,0.4632591181373616887983527576
2021-12-19 00:00:00+00:00,1,CRASH,0.615596054195416,True,16,False,BULL_STRUCTURE,BULL_STRUCTURE,1.0,0.4624442595238611972880669651,0.4624442595238611972880669651
2021-12-20 00:00:00+00:00,1,CRASH,0.009200543759938425,False,16,False,BULL_STRUCTURE,BULL_STRUCTURE,1.0,0.4636818160672185169571435295,0.4636818160672185169571435295
2021-12-21 00:00:00+00:00,1,CRASH,0.0021613895558818086,False,16,False,BULL_STRUCTURE,BULL_STRUCTURE,1.0,0.4739540568777316570541140057,0.4739540568777316570541140057
2021-12-22 00:00:00+00:00,3,NEUTRAL,0.9995892945709159,True,3,False,BULL_STRUCTURE,BULL_STRUCTURE,1.0,0.4724108746677199811825235567,0.4724108746677199811825235567
2021-12-23 00:00:00+00:00,3,NEUTRAL,0.9940184064209409,True,4,False,BULL_STRUCTURE,BULL_STRUCTURE,1.0,0.4837086324600173643742571478,0.4837086324600173643742571478
2021-12-24 00:00:00+00:00,3,NEUTRAL,0.953964756831781,True,5,False,BULL_STRUCTURE,BULL_STRUCTURE,1.0,0.4836162158884878968612762660,0.4836162158884878968612762660
2021-12-25 00:00:00+00:00,3,NEUTRAL,0.38022327205068046,False,5,False,BULL_STRUCTURE,BULL_STRUCTURE,1.0,0.4815423522415804321558292567,0.4815423522415804321558292567
2021-12-26 00:00:00+00:00,3,NEUTRAL,0.1256553974744138,False,5,False,BULL_STRUCTURE,BULL_STRUCTURE,1.0,0.4833973992327017134963373086,0.4833973992327017134963373086
2021-12-27 00:00:00+00:00,1,CRASH,0.9538500250487696,True,3,False,BULL_STRUCTURE,BULL_STRUCTURE,1.0,0.4830329490995652201601025858,0.4830329490995652201601025858
2021-12-28 00:00:00+00:00,1,CRASH,0.9999901919085333,True,4,False,BULL_STRUCTURE,BULL_STRUCTURE,1.0,0.4669984346355689140040400117,0.4669984346355689140040400117
2021-12-29 00:00:00+00:00,1,CRASH,0.9987678842031608,True,5,False,TRANSITION,BULL_STRUCTURE,0.6,0.4612884888937847942123334798,0.4612884888937847942123334798
2021-12-30 00:00:00+00:00,1,CRASH,0.9972496780401081,True,6,False,TRANSITION,BULL_STRUCTURE,0.6,0.4647753033881659207957087007,0.4647753033881659207957087007
2021-12-31 00:00:00+00:00,1,CRASH,0.9975045319397796,True,7,False,TRANSITION,BULL_STRUCTURE,0.6,0.4599603174772467724697917488,0.4599603174772467724697917488
2022-01-01 00:00:00+00:00,1,CRASH,0.9998826741222543,True,8,False,TRANSITION,BULL_STRUCTURE,0.6,0.4679334583977971150834990614,0.4679334583977971150834990614
2022-01-02 00:00:00+00:00,1,CRASH,0.9841084048435605,True,9,False,TRANSITION,TRANSITION,0.6,0.4656465828156525420685009163,0.4656465828156525420685009163
2022-01-03 00:00:00+00:00,1,CRASH,0.9471487048449972,True,10,False,TRANSITION,TRANSITION,0.6,0.4611892083582840528050758055,0.4611892083582840528050758055
2022-01-04 00:00:00+00:00,1,CRASH,0.960488178915373,True,11,False,TRANSITION,TRANSITION,0.6,0.4578835765926542601150043039,0.4578835765926542601150043039
2022-01-05 00:00:00+00:00,1,CRASH,0.9999996530837654,True,12,False,TRANSITION,TRANSITION,0.6,0.4446745365394220985224167685,0.4446745365394220985224167685
2022-01-06 00:00:00+00:00,1,CRASH,0.9980055704325059,True,13,False,TRANSITION,TRANSITION,0.6,0.4425705373473909088800024095,0.4425705373473909088800024095
2022-01-07 00:00:00+00:00,1,CRASH,0.999999541755747,True,14,False,TRANSITION,TRANSITION,0.6,0.4337531521697741512103882450,0.4337531521697741512103882450
2022-01-08 00:00:00+00:00,1,CRASH,0.9684860394210756,True,15,False,TRANSITION,TRANSITION,0.6,0.4344216019214129061871144474,0.4344216019214129061871144474
2022-01-09 00:00:00+00:00,1,CRASH,0.9871009171857734,True,16,False,TRANSITION,TRANSITION,0.6,0.4355093619293180754949995765,0.4355093619293180754949995765
2022-01-10 00:00:00+00:00,1,CRASH,0.9487432814853516,True,17,False,TRANSITION,TRANSITION,0.6,0.4352618541095994842003183503,0.4352618541095994842003183503
2022-01-11 00:00:00+00:00,1,CRASH,0.130691759565677,False,17,False,TRANSITION,TRANSITION,0.6,0.4405416844407908400502802187,0.4405416844407908400502802187
2022-01-12 00:00:00+00:00,1,CRASH,6.564782968751145e-05,False,17,False,TRANSITION,TRANSITION,0.6,0.4472288439857416374410597334,0.4472288439857416374410597334
2022-01-13 00:00:00+00:00,3,NEUTRAL,0.9996051155440464,True,3,False,TRANSITION,TRANSITION,0.6,0.4395641405455030620407388664,0.4395641405455030620407388664
2022-01-14 00:00:00+00:00,3,NEUTRAL,0.9998257125302101,True,4,False,TRANSITION,TRANSITION,0.6,0.4424425253460748699494863913,0.4424425253460748699494863913
2022-01-15 00:00:00+00:00,3,NEUTRAL,0.998363016807648,True,5,False,TRANSITION,TRANSITION,0.6,0.4425818751735493159443894210,0.4425818751735493159443894210
2022-01-16 00:00:00+00:00,3,NEUTRAL,0.9978220174069998,True,6,False,TRANSITION,TRANSITION,0.6,0.4425095456723428923286763002,0.4425095456723428923286763002
2022-01-17 00:00:00+00:00,3,NEUTRAL,0.9969863935453365,True,7,False,TRANSITION,TRANSITION,0.6,0.4374814083031269535945920445,0.4374814083031269535945920445
2022-01-18 00:00:00+00:00,3,NEUTRAL,0.9997903300013363,True,8,False,TRANSITION,TRANSITION,0.6,0.4383576558640766425070996985,0.4383576558640766425070996985
2022-01-19 00:00:00+00:00,3,NEUTRAL,0.9995041956687818,True,9,False,TRANSITION,TRANSITION,0.6,0.4343052708765054284382991609,0.4343052708765054284382991609
2022-01-20 00:00:00+00:00,3,NEUTRAL,0.8267784437324134,True,10,False,TRANSITION,TRANSITION,0.6,0.4284716180048179901141206512,0.4284716180048179901141206512
2022-01-21 00:00:00+00:00,3,NEUTRAL,1.8528491757716923e-28,False,10,False,TRANSITION,TRANSITION,0.6,0.4017843504233106938497354553,0.4017843504233106938497354553
2022-01-22 00:00:00+00:00,3,NEUTRAL,9.707173010383234e-26,False,10,False,TRANSITION,TRANSITION,0.6,0.3925843185813124437599792641,0.3925843185813124437599792641
2022-01-23 00:00:00+00:00,1,CRASH,0.9999882274939339,True,3,False,TRANSITION,TRANSITION,0.6,0.4004574186642769958459860521,0.4004574186642769958459860521
2022-01-24 00:00:00+00:00,1,CRASH,1.0,True,4,False,TRANSITION,TRANSITION,0.6,0.4031991666772093123929897837,0.4031991666772093123929897837
2022-01-25 00:00:00+00:00,1,CRASH,0.9997538435616818,True,5,False,TRANSITION,TRANSITION,0.6,0.4051485805938602049698620976,0.4051485805938602049698620976
2022-01-26 00:00:00+00:00,1,CRASH,0.8273155546071499,True,6,False,TRANSITION,TRANSITION,0.6,0.4041755008619564576917264162,0.4041755008619564576917264162
2022-01-27 00:00:00+00:00,1,CRASH,3.215396684740552e-09,False,6,False,TRANSITION,TRANSITION,0.6,0.4064614729885523989425421004,0.4064614729885523989425421004
2022-01-28 00:00:00+00:00,1,CRASH,4.955247007101979e-16,False,6,False,TRANSITION,TRANSITION,0.6,0.4100522629603237429379243243,0.4100522629603237429379243243
2022-01-29 00:00:00+00:00,0,BULL,0.9999886442686993,True,3,False,TRANSITION,TRANSITION,0.6,0.95,0.6
2022-01-30 00:00:00+00:00,0,BULL,0.9999583612904491,True,4,False,TRANSITION,TRANSITION,0.6,0.95,0.6
2022-01-31 00:00:00+00:00,0,BULL,0.9820418610001178,True,5,False,TRANSITION,TRANSITION,0.6,0.95,0.6
2022-02-01 00:00:00+00:00,0,BULL,0.00074185716159682,False,5,False,TRANSITION,TRANSITION,0.6,0.6014175946205386932920052836,0.6
2022-02-02 00:00:00+00:00,0,BULL,2.26355930472267e-07,False,5,False,TRANSITION,TRANSITION,0.6,0.5885275377160159775854774961,0.5885275377160159775854774961
2022-02-03 00:00:00+00:00,3,NEUTRAL,0.9998711061946008,True,3,False,TRANSITION,TRANSITION,0.6,0.5912350259745604612959866554,0.5912350259745604612959866554
2022-02-04 00:00:00+00:00,3,NEUTRAL,0.0005775382219336448,False,3,False,TRANSITION,TRANSITION,0.6,0.25,0.25
2022-02-05 00:00:00+00:00,3,NEUTRAL,0.00013395465942928314,False,3,False,TRANSITION,TRANSITION,0.6,0.2492646595518252233809892368,0.2492646595518252233809892368
2022-02-06 00:00:00+00:00,1,CRASH,0.9998872989656419,True,3,False,TRANSITION,TRANSITION,0.6,0.2537518928911945514331695812,0.2537518928911945514331695812
2022-02-07 00:00:00+00:00,1,CRASH,0.9999999725514502,True,4,False,TRANSITION,TRANSITION,0.6,0.2602149203521140791360076150,0.2602149203521140791360076150
2022-02-08 00:00:00+00:00,1,CRASH,0.99999999751617,True,5,False,TRANSITION,TRANSITION,0.6,0.2611052285650448006552855550,0.2611052285650448006552855550
2022-02-09 00:00:00+00:00,1,CRASH,0.9999341585647453,True,6,False,TRANSITION,TRANSITION,0.6,0.2625467852006794733805571847,0.2625467852006794733805571847
2022-02-10 00:00:00+00:00,1,CRASH,0.9999996251936657,True,7,False,TRANSITION,TRANSITION,0.6,0.2586988873530163573835335799,0.2586988873530163573835335799
2022-02-11 00:00:00+00:00,1,CRASH,0.999987309054672,True,8,False,TRANSITION,TRANSITION,0.6,0.2537199893094010501015268087,0.2537199893094010501015268087
2022-02-12 00:00:00+00:00,1,CRASH,0.9989484814456391,True,9,False,TRANSITION,TRANSITION,0.6,0.2530228814807015343609661394,0.2530228814807015343609661394
2022-02-13 00:00:00+00:00,1,CRASH,0.9971588281333712,True,10,False,TRANSITION,TRANSITION,0.6,0.2522870167266157234477675530,0.2522870167266157234477675530
2022-02-14 00:00:00+00:00,1,CRASH,0.9988422870923898,True,11,False,TRANSITION,TRANSITION,0.6,0.2544441180994040197684011368,0.2544441180994040197684011368
2022-02-15 00:00:00+00:00,1,CRASH,0.9989296240611204,True,12,False,TRANSITION,TRANSITION,0.6,0.2632971367954737714906951569,0.2632971367954737714906951569
2022-02-16 00:00:00+00:00,1,CRASH,0.9222194978356382,True,13,False,TRANSITION,TRANSITION,0.6,0.2603622981727649312291997831,0.2603622981727649312291997831
2022-02-17 00:00:00+00:00,1,CRASH,0.9958087339556511,True,14,False,TRANSITION,TRANSITION,0.6,0.50,0.50
2022-02-18 00:00:00+00:00,1,CRASH,0.9909646868778937,True,15,False,TRANSITION,TRANSITION,0.6,0.4968021413755596108568154568,0.4968021413755596108568154568
2022-02-19 00:00:00+00:00,1,CRASH,0.893940702795695,True,16,False,TRANSITION,TRANSITION,0.6,0.4974562442465319605339174728,0.4974562442465319605339174728
2022-02-20 00:00:00+00:00,1,CRASH,0.9079411342087872,True,17,False,TRANSITION,TRANSITION,0.6,0.4866741905595756142835479097,0.4866741905595756142835479097
2022-02-21 00:00:00+00:00,1,CRASH,0.999653587544627,True,18,False,TRANSITION,TRANSITION,0.6,0.4775417639157179080171258304,0.4775417639157179080171258304
2022-02-22 00:00:00+00:00,1,CRASH,0.9998455365129827,True,19,False,TRANSITION,TRANSITION,0.6,0.4856532694512973085847156453,0.4856532694512973085847156453
2022-02-23 00:00:00+00:00,1,CRASH,0.995911032024516,True,20,False,TRANSITION,TRANSITION,0.6,0.4791671566746081310488534499,0.4791671566746081310488534499
2022-02-24 00:00:00+00:00,1,CRASH,1.0,True,21,False,TRANSITION,TRANSITION,0.6,0.4862854981791157514958370146,0.4862854981791157514958370146
2022-02-25 00:00:00+00:00,1,CRASH,0.9998704237015835,True,22,False,TRANSITION,TRANSITION,0.6,0.4920341238437402086197036309,0.4920341238437402086197036309
2022-02-26 00:00:00+00:00,1,CRASH,0.9356991565659187,True,23,False,TRANSITION,TRANSITION,0.6,0.4913803886145734838238977157,0.4913803886145734838238977157
2022-02-27 00:00:00+00:00,1,CRASH,0.9966016269121392,True,24,False,TRANSITION,TRANSITION,0.6,0.4821584699496559734249942802,0.4821584699496559734249942802
2022-02-28 00:00:00+00:00,1,CRASH,0.9999988197662476,True,25,False,TRANSITION,TRANSITION,0.6,0.5159651413650808845952968419,0.5159651413650808845952968419
2022-03-01 00:00:00+00:00,1,CRASH,0.997454352259925,True,26,False,TRANSITION,TRANSITION,0.6,0.5231546700595299835075558268,0.5231546700595299835075558268
2022-03-02 00:00:00+00:00,1,CRASH,0.0006512605911279355,False,26,False,TRANSITION,TRANSITION,0.6,0.25,0.25
2022-03-03 00:00:00+00:00,1,CRASH,7.766227936578542e-09,False,26,False,TRANSITION,TRANSITION,0.6,0.2438878427944439587081991554,0.2438878427944439587081991554
2022-03-04 00:00:00+00:00,1,CRASH,0.00017753069338742594,False,26,False,TRANSITION,TRANSITION,0.6,0.2292526064297347569467685767,0.2292526064297347569467685767
2022-03-05 00:00:00+00:00,1,CRASH,0.0808188262676812,False,26,False,TRANSITION,TRANSITION,0.6,0.2303761713329779831684035293,0.2303761713329779831684035293
2022-03-06 00:00:00+00:00,1,CRASH,0.997974001049138,True,27,False,TRANSITION,TRANSITION,0.6,0.50,0.50
2022-03-07 00:00:00+00:00,1,CRASH,0.9999977077853951,True,28,False,BEAR_STRUCTURE,TRANSITION,0.3,0.4973451411944310761989742568,0.3
2022-03-08 00:00:00+00:00,1,CRASH,0.9998817733629388,True,29,False,BEAR_STRUCTURE,TRANSITION,0.3,0.3041580792492308548992341905,0.3
2022-03-09 00:00:00+00:00,1,CRASH,0.9999814754543476,True,30,False,BEAR_STRUCTURE,TRANSITION,0.3,0.3169897589016842969151852925,0.3
2022-03-10 00:00:00+00:00,1,CRASH,0.9997894315630056,True,31,False,BEAR_STRUCTURE,TRANSITION,0.3,0.2871585895280904733960079839,0.2871585895280904733960079839
2022-03-11 00:00:00+00:00,1,CRASH,0.996904512178006,True,32,False,BEAR_STRUCTURE,BEAR_STRUCTURE,0.3,0.2835449236263297498157872407,0.2835449236263297498157872407
2022-03-12 00:00:00+00:00,1,CRASH,0.9785754152235391,True,33,False,BEAR_STRUCTURE,BEAR_STRUCTURE,0.3,0.2839527212317730312504047345,0.2839527212317730312504047345
2022-03-13 00:00:00+00:00,1,CRASH,0.9676327539374884,True,34,False,BEAR_STRUCTURE,BEAR_STRUCTURE,0.3,0.2785151518924056505574493274,0.2785151518924056505574493274
2022-03-14 00:00:00+00:00,1,CRASH,0.9988373870285611,True,35,False,BEAR_STRUCTURE,BEAR_STRUCTURE,0.3,0.2884510941903002459044898489,0.2884510941903002459044898489
2022-03-15 00:00:00+00:00,1,CRASH,0.9984127837166169,True,36,False,BEAR_STRUCTURE,BEAR_STRUCTURE,0.3,0.2864222088632416071718369854,0.2864222088632416071718369854
2022-03-16 00:00:00+00:00,1,CRASH,0.9999999996553015,True,37,False,BEAR_STRUCTURE,BEAR_STRUCTURE,0.3,0.2958373263099978817741711580,0.2958373263099978817741711580
2022-03-17 00:00:00+00:00,1,CRASH,0.9988428656809363,True,38,False,BEAR_STRUCTURE,BEAR_STRUCTURE,0.3,0.2948423171635820992779970995,0.2948423171635820992779970995
2022-03-18 00:00:00+00:00,1,CRASH,0.9987790049205234,True,39,False,BEAR_STRUCTURE,BEAR_STRUCTURE,0.3,0.2990828532750964408978950285,0.2990828532750964408978950285
2022-03-19 00:00:00+00:00,1,CRASH,0.9968262437049258,True,40,False,BEAR_STRUCTURE,BEAR_STRUCTURE,0.3,0.3013028738315296520119818823,0.3
2022-03-20 00:00:00+00:00,1,CRASH,0.99928851389752,True,41,False,BEAR_STRUCTURE,BEAR_STRUCTURE,0.3,0.2952962613763898829053446543,0.2952962613763898829053446543
2022-03-21 00:00:00+00:00,1,CRASH,0.9998989861332819,True,42,False,BEAR_STRUCTURE,BEAR_STRUCTURE,0.3,0.2939832728203662628129779068,0.2939832728203662628129779068
2022-03-22 00:00:00+00:00,1,CRASH,0.9999985057886328,True,43,False,BEAR_STRUCTURE,BEAR_STRUCTURE,0.3,0.3008105671998499221216233113,0.3
2022-03-23 00:00:00+00:00,1,CRASH,0.9997634126699695,True,44,False,BEAR_STRUCTURE,BEAR_STRUCTURE,0.3,0.3025614910485066167754555321,0.3
2022-03-24 00:00:00+00:00,1,CRASH,0.9999251109733323,True,45,False,BEAR_STRUCTURE,BEAR_STRUCTURE,0.3,0.3053881071502768528067437103,0.3
2022-03-25 00:00:00+00:00,1,CRASH,0.9956697136175869,True,46,False,BEAR_STRUCTURE,BEAR_STRUCTURE,0.3,0.3015336752467454549577128196,0.3
2022-03-26 00:00:00+00:00,1,CRASH,0.7063881533531475,True,47,False,BEAR_STRUCTURE,BEAR_STRUCTURE,0.3,0.3009374141652693371117144689,0.3
2022-03-27 00:00:00+00:00,1,CRASH,0.40850401925829694,False,47,False,BEAR_STRUCTURE,BEAR_STRUCTURE,0.3,0.3107604176883096080810206403,0.3
2022-03-28 00:00:00+00:00,1,CRASH,0.31356042492943786,False,47,False,BEAR_STRUCTURE,BEAR_STRUCTURE,0.3,0.3013214573909859328875174810,0.3
2022-03-29 00:00:00+00:00,4,BEAR,0.9837717298535683,True,3,False,BEAR_STRUCTURE,BEAR_STRUCTURE,0.3,0.95,0.3
2022-03-30 00:00:00+00:00,4,BEAR,0.9883761558618541,True,4,False,BEAR_STRUCTURE,BEAR_STRUCTURE,0.3,0.95,0.3
2022-03-31 00:00:00+00:00,4,BEAR,0.7962893199722836,True,5,False,BEAR_STRUCTURE,BEAR_STRUCTURE,0.3,0.95,0.3
2022-04-01 00:00:00+00:00,4,BEAR,0.7712395655296085,True,6,False,BEAR_STRUCTURE,BEAR_STRUCTURE,0.3,0.95,0.3
2022-04-02 00:00:00+00:00,4,BEAR,0.9802644149621241,True,7,False,BEAR_STRUCTURE,BEAR_STRUCTURE,0.3,0.95,0.3
2022-04-03 00:00:00+00:00,4,BEAR,0.9980989069966151,True,8,False,BEAR_STRUCTURE,BEAR_STRUCTURE,0.3,0.95,0.3
2022-04-04 00:00:00+00:00,4,BEAR,0.9966347596293923,True,9,False,BEAR_STRUCTURE,BEAR_STRUCTURE,0.3,0.95,0.3
2022-04-05 00:00:00+00:00,4,BEAR,0.9963464765975432,True,10,False,BEAR_STRUCTURE,BEAR_STRUCTURE,0.3,0.95,0.3
2022-04-06 00:00:00+00:00,4,BEAR,0.4731925499742898,False,10,False,BEAR_STRUCTURE,BEAR_STRUCTURE,0.3,0.2890922977097669089067755074,0.2890922977097669089067755074
2022-04-07 00:00:00+00:00,4,BEAR,0.8268193420790781,True,11,False,BEAR_STRUCTURE,BEAR_STRUCTURE,0.3,0.95,0.3
2022-04-08 00:00:00+00:00,4,BEAR,0.8894482599457298,True,12,False,BEAR_STRUCTURE,BEAR_STRUCTURE,0.3,0.95,0.3
2022-04-09 00:00:00+00:00,4,BEAR,0.9942093307490162,True,13,False,BEAR_STRUCTURE,BEAR_STRUCTURE,0.3,0.95,0.3
2022-04-10 00:00:00+00:00,4,BEAR,0.9982157066759322,True,14,False,BEAR_STRUCTURE,BEAR_STRUCTURE,0.3,0.95,0.3
2022-04-11 00:00:00+00:00,4,BEAR,0.9242766480123038,True,15,False,BEAR_STRUCTURE,BEAR_STRUCTURE,0.3,0.95,0.3
2022-04-12 00:00:00+00:00,4,BEAR,0.9944865474213352,True,16,False,BEAR_STRUCTURE,BEAR_STRUCTURE,0.3,0.95,0.3
2022-04-13 00:00:00+00:00,4,BEAR,0.997863705304401,True,17,False,BEAR_STRUCTURE,BEAR_STRUCTURE,0.3,0.95,0.3
2022-04-14 00:00:00+00:00,4,BEAR,0.9991521875919752,True,18,False,BEAR_STRUCTURE,BEAR_STRUCTURE,0.3,0.95,0.3
2022-04-15 00:00:00+00:00,4,BEAR,0.9995647566431212,True,19,False,BEAR_STRUCTURE,BEAR_STRUCTURE,0.3,0.95,0.3
2022-04-16 00:00:00+00:00,4,BEAR,0.9936585780855758,True,20,False,BEAR_STRUCTURE,BEAR_STRUCTURE,0.3,0.95,0.3
2022-04-17 00:00:00+00:00,4,BEAR,0.998599890750984,True,21,False,BEAR_STRUCTURE,BEAR_STRUCTURE,0.3,0.95,0.3
2022-04-18 00:00:00+00:00,4,BEAR,0.9988750341223991,True,22,False,BEAR_STRUCTURE,BEAR_STRUCTURE,0.3,0.95,0.3
2022-04-19 00:00:00+00:00,4,BEAR,0.9995045481205674,True,23,False,BEAR_STRUCTURE,BEAR_STRUCTURE,0.3,0.95,0.3
2022-04-20 00:00:00+00:00,4,BEAR,0.9961401257883643,True,24,False,BEAR_STRUCTURE,BEAR_STRUCTURE,0.3,0.95,0.3
2022-04-21 00:00:00+00:00,4,BEAR,0.1852934326900958,False,24,False,BEAR_STRUCTURE,BEAR_STRUCTURE,0.3,0.2955124175631230470506657261,0.2955124175631230470506657261
2022-04-22 00:00:00+00:00,4,BEAR,0.6958170765378118,True,25,False,BEAR_STRUCTURE,BEAR_STRUCTURE,0.3,0.95,0.3
2022-04-23 00:00:00+00:00,4,BEAR,0.997635046550703,True,26,False,BEAR_STRUCTURE,BEAR_STRUCTURE,0.3,0.95,0.3
2022-04-24 00:00:00+00:00,4,BEAR,0.9998429201761015,True,27,False,BEAR_STRUCTURE,BEAR_STRUCTURE,0.3,0.95,0.3
2022-04-25 00:00:00+00:00,4,BULL,0.9996890679414919,True,1,False,BEAR_STRUCTURE,BEAR_STRUCTURE,0.3,0.95,0.3
2022-04-26 00:00:00+00:00,4,BULL,0.999991490166678,True,2,False,BEAR_STRUCTURE,BEAR_STRUCTURE,0.3,0.95,0.3
2022-04-27 00:00:00+00:00,4,BULL,0.9850695011037839,True,3,False,BEAR_STRUCTURE,BEAR_STRUCTURE,0.3,0.95,0.3
2022-04-28 00:00:00+00:00,4,BULL,0.9886074371760298,True,4,False,BEAR_STRUCTURE,BEAR_STRUCTURE,0.3,0.95,0.3
2022-04-29 00:00:00+00:00,4,BULL,0.9987122573262521,True,5,False,BEAR_STRUCTURE,BEAR_STRUCTURE,0.3,0.95,0.3
2022-04-30 00:00:00+00:00,4,BULL,0.9999503076401869,True,6,False,BEAR_STRUCTURE,BEAR_STRUCTURE,0.3,0.95,0.3
2022-05-01 00:00:00+00:00,4,BULL,0.9998425183022323,True,7,False,BEAR_STRUCTURE,BEAR_STRUCTURE,0.3,0.95,0.3
2022-05-02 00:00:00+00:00,4,BULL,0.9999167664216887,True,8,False,BEAR_STRUCTURE,BEAR_STRUCTURE,0.3,0.95,0.3
2022-05-03 00:00:00+00:00,4,BULL,0.9999683673500938,True,9,False,BEAR_STRUCTURE,BEAR_STRUCTURE,0.3,0.95,0.3
2022-05-04 00:00:00+00:00,4,BULL,0.9968318686878861,True,10,False,BEAR_STRUCTURE,BEAR_STRUCTURE,0.3,0.95,0.3
2022-05-05 00:00:00+00:00,4,BULL,0.973543731500832,True,11,False,BEAR_STRUCTURE,BEAR_STRUCTURE,0.3,0.95,0.3
2022-05-06 00:00:00+00:00,4,BULL,0.9993102190278009,True,12,False,BEAR_STRUCTURE,BEAR_STRUCTURE,0.3,0.95,0.3
2022-05-07 00:00:00+00:00,4,BULL,0.9744556027825219,True,13,False,BEAR_STRUCTURE,BEAR_STRUCTURE,0.3,0.95,0.3
2022-05-08 00:00:00+00:00,4,BULL,0.8449172480521722,True,14,False,BEAR_STRUCTURE,BEAR_STRUCTURE,0.3,0.95,0.3
2022-05-09 00:00:00+00:00,4,BULL,0.9999999809801923,True,15,False,BEAR_STRUCTURE,BEAR_STRUCTURE,0.3,0.95,0.3
2022-05-10 00:00:00+00:00,4,BULL,0.999945521031997,True,16,False,BEAR_STRUCTURE,BEAR_STRUCTURE,0.3,0.95,0.3
2022-05-11 00:00:00+00:00,4,BULL,0.9999999999986358,True,17,False,BEAR_STRUCTURE,BEAR_STRUCTURE,0.3,0.95,0.3
2022-05-12 00:00:00+00:00,4,BULL,0.9999805908129062,True,18,False,BEAR_STRUCTURE,BEAR_STRUCTURE,0.3,0.95,0.3
2022-05-13 00:00:00+00:00,4,BULL,0.0025196015289379375,False,18,False,BEAR_STRUCTURE,BEAR_STRUCTURE,0.3,0.3018556298760210894922830552,0.3
2022-05-14 00:00:00+00:00,4,BULL,6.7627918787883575e-09,False,18,False,BEAR_STRUCTURE,BEAR_STRUCTURE,0.3,0.3056872858126391172240067826,0.3
2022-05-15 00:00:00+00:00,2,EUPHORIA,0.9976679146845115,True,3,False,BEAR_STRUCTURE,BEAR_STRUCTURE,0.3,0.60,0.3
2022-05-16 00:00:00+00:00,2,EUPHORIA,0.9602646600252295,True,4,False,BEAR_STRUCTURE,BEAR_STRUCTURE,0.3,0.60,0.3
2022-05-17 00:00:00+00:00,2,EUPHORIA,0.9911653559624701,True,5,False,BEAR_STRUCTURE,BEAR_STRUCTURE,0.3,0.60,0.3
2022-05-18 00:00:00+00:00,2,EUPHORIA,0.9867985710652379,True,6,False,BEAR_STRUCTURE,BEAR_STRUCTURE,0.3,0.60,0.3
2022-05-19 00:00:00+00:00,2,EUPHORIA,0.9716588308879955,True,7,False,BEAR_STRUCTURE,BEAR_STRUCTURE,0.3,0.60,0.3
2022-05-20 00:00:00+00:00,2,EUPHORIA,0.9372245623596336,True,8,False,BEAR_STRUCTURE,BEAR_STRUCTURE,0.3,0.60,0.3
2022-05-21 00:00:00+00:00,2,EUPHORIA,0.969338028644516,True,9,False,BEAR_STRUCTURE,BEAR_STRUCTURE,0.3,0.60,0.3
2022-05-22 00:00:00+00:00,2,EUPHORIA,0.9999637123586873,True,10,False,BEAR_STRUCTURE,BEAR_STRUCTURE,0.3,0.60,0.3
2022-05-23 00:00:00+00:00,2,EUPHORIA,0.9999840290208603,True,11,False,BEAR_STRUCTURE,BEAR_STRUCTURE,0.3,0.60,0.3
2022-05-24 00:00:00+00:00,2,EUPHORIA,0.9998933814056791,True,12,False,BEAR_STRUCTURE,BEAR_STRUCTURE,0.3,0.60,0.3
2022-05-25 00:00:00+00:00,2,EUPHORIA,0.9997444197482447,True,13,False,BEAR_STRUCTURE,BEAR_STRUCTURE,0.3,0.60,0.3
2022-05-26 00:00:00+00:00,2,EUPHORIA,0.9999700772693765,True,14,False,BEAR_STRUCTURE,BEAR_STRUCTURE,0.3,0.60,0.3
2022-05-27 00:00:00+00:00,2,EUPHORIA,0.999548591463538,True,15,False,BEAR_STRUCTURE,BEAR_STRUCTURE,0.3,0.60,0.3
2022-05-28 00:00:00+00:00,2,EUPHORIA,0.9991414864613092,True,16,False,BEAR_STRUCTURE,BEAR_STRUCTURE,0.3,0.60,0.3
2022-05-29 00:00:00+00:00,2,EUPHORIA,0.9990529527314832,True,17,False,BEAR_STRUCTURE,BEAR_STRUCTURE,0.3,0.60,0.3
2022-05-30 00:00:00+00:00,2,EUPHORIA,0.9999944784992845,True,18,False,BEAR_STRUCTURE,BEAR_STRUCTURE,0.3,0.60,0.3
2022-05-31 00:00:00+00:00,2,EUPHORIA,0.9999071260106168,True,19,False,BEAR_STRUCTURE,BEAR_STRUCTURE,0.3,0.60,0.3
2022-06-01 00:00:00+00:00,2,EUPHORIA,0.9963832158704686,True,20,False,BEAR_STRUCTURE,BEAR_STRUCTURE,0.3,0.60,0.3
2022-06-02 00:00:00+00:00,2,EUPHORIA,0.98659266223057,True,21,False,BEAR_STRUCTURE,BEAR_STRUCTURE,0.3,0.60,0.3
2022-06-03 00:00:00+00:00,2,EUPHORIA,0.8941685685905615,True,22,False,BEAR_STRUCTURE,BEAR_STRUCTURE,0.3,0.60,0.3
2022-06-04 00:00:00+00:00,2,EUPHORIA,0.1970443882363998,False,22,False,BEAR_STRUCTURE,BEAR_STRUCTURE,0.3,0.3011583106843984529029037998,0.3
2022-06-05 00:00:00+00:00,2,EUPHORIA,0.001957485425688806,False,22,False,BEAR_STRUCTURE,BEAR_STRUCTURE,0.3,0.3003878570186210812086144844,0.3
2022-06-06 00:00:00+00:00,1,NEUTRAL,0.9930507582014158,True,3,False,BEAR_STRUCTURE,BEAR_STRUCTURE,0.3,0.3100576252722634561384564407,0.3
2022-06-07 00:00:00+00:00,1,NEUTRAL,0.3000254638566154,False,3,False,BEAR_STRUCTURE,BEAR_STRUCTURE,0.3,0.2983404292907791447687255535,0.2983404292907791447687255535
2022-06-08 00:00:00+00:00,1,NEUTRAL,0.8883107143683736,True,4,False,BEAR_STRUCTURE,BEAR_STRUCTURE,0.3,0.2920940869071618194643894709,0.2920940869071618194643894709
2022-06-09 00:00:00+00:00,1,NEUTRAL,0.9997616428794165,True,5,False,BEAR_STRUCTURE,BEAR_STRUCTURE,0.3,0.2914442373729181051886150383,0.2914442373729181051886150383
2022-06-10 00:00:00+00:00,1,NEUTRAL,0.9953970770440927,True,6,False,BEAR_STRUCTURE,BEAR_STRUCTURE,0.3,0.2843926051318418996450895902,0.2843926051318418996450895902
2022-06-11 00:00:00+00:00,1,NEUTRAL,0.9996989270535557,True,7,False,BEAR_STRUCTURE,BEAR_STRUCTURE,0.3,0.2796946793244261323385052755,0.2796946793244261323385052755
2022-06-12 00:00:00+00:00,1,NEUTRAL,0.8000350861174409,True,8,False,BEAR_STRUCTURE,BEAR_STRUCTURE,0.3,0.2663380790688124020760316701,0.2663380790688124020760316701
2022-06-13 00:00:00+00:00,1,NEUTRAL,3.42046114399742e-18,False,8,False,BEAR_STRUCTURE,BEAR_STRUCTURE,0.3,0.2350019469421601809932098498,0.2350019469421601809932098498
2022-06-14 00:00:00+00:00,1,NEUTRAL,1.5498352238840498e-10,False,8,False,BEAR_STRUCTURE,BEAR_STRUCTURE,0.3,0.2321855398748307198997168552,0.2321855398748307198997168552
2022-06-15 00:00:00+00:00,3,CRASH,0.9999999988322088,True,3,False,BEAR_STRUCTURE,BEAR_STRUCTURE,0.3,0.50,0.3
2022-06-16 00:00:00+00:00,3,CRASH,0.9999999267815864,True,4,False,BEAR_STRUCTURE,BEAR_STRUCTURE,0.3,0.2791236880993635354766139494,0.2791236880993635354766139494
2022-06-17 00:00:00+00:00,3,CRASH,0.9999998810831201,True,5,False,BEAR_STRUCTURE,BEAR_STRUCTURE,0.3,0.2797888115748093464498960515,0.2797888115748093464498960515
2022-06-18 00:00:00+00:00,3,CRASH,0.9995415271810397,True,6,False,BEAR_STRUCTURE,BEAR_STRUCTURE,0.3,0.2647331322171150438471516364,0.2647331322171150438471516364
2022-06-19 00:00:00+00:00,3,CRASH,0.9273612966045681,True,7,False,BEAR_STRUCTURE,BEAR_STRUCTURE,0.3,0.2808228771203988568543544272,0.2808228771203988568543544272
2022-06-20 00:00:00+00:00,3,CRASH,0.07068027256347917,False,7,False,BEAR_STRUCTURE,BEAR_STRUCTURE,0.3,0.2808217973213260350753171109,0.2808217973213260350753171109
2022-06-21 00:00:00+00:00,3,CRASH,5.924955295805414e-10,False,7,False,BEAR_STRUCTURE,BEAR_STRUCTURE,0.3,0.2822876269990787074085006399,0.2822876269990787074085006399
2022-06-22 00:00:00+00:00,1,NEUTRAL,0.9997365522466228,True,3,False,BEAR_STRUCTURE,BEAR_STRUCTURE,0.3,0.2750240201928650696436681046,0.2750240201928650696436681046
2022-06-23 00:00:00+00:00,1,NEUTRAL,0.9996290020124792,True,4,False,BEAR_STRUCTURE,BEAR_STRUCTURE,0.3,0.2860474788528895842708459740,0.2860474788528895842708459740
2022-06-24 00:00:00+00:00,1,NEUTRAL,0.998269198833198,True,5,False,BEAR_STRUCTURE,BEAR_STRUCTURE,0.3,0.2872793946999587679524982466,0.2872793946999587679524982466
2022-06-25 00:00:00+00:00,1,NEUTRAL,0.9984978471619982,True,6,False,BEAR_STRUCTURE,BEAR_STRUCTURE,0.3,0.2897150050091941163737016626,0.2897150050091941163737016626
2022-06-26 00:00:00+00:00,1,NEUTRAL,0.9995230391915523,True,7,False,BEAR_STRUCTURE,BEAR_STRUCTURE,0.3,0.2853496722548061115821650382,0.2853496722548061115821650382
2022-06-27 00:00:00+00:00,1,NEUTRAL,0.9985543489360993,True,8,False,BEAR_STRUCTURE,BEAR_STRUCTURE,0.3,0.2824737213002191564954703701,0.2824737213002191564954703701
2022-06-28 00:00:00+00:00,1,NEUTRAL,0.9979734580995346,True,9,False,BEAR_STRUCTURE,BEAR_STRUCTURE,0.3,0.2779380101419393030822107334,0.2779380101419393030822107334
2022-06-29 00:00:00+00:00,1,NEUTRAL,0.9969504769023088,True,10,False,BEAR_STRUCTURE,BEAR_STRUCTURE,0.3,0.2763683850122899117378897885,0.2763683850122899117378897885
2022-06-30 00:00:00+00:00,1,NEUTRAL,0.9864244597417605,True,11,False,BEAR_STRUCTURE,BEAR_STRUCTURE,0.3,0.2745670640073773811310956260,0.2745670640073773811310956260
2022-07-01 00:00:00+00:00,1,NEUTRAL,0.9678051239304569,True,12,False,BEAR_STRUCTURE,BEAR_STRUCTURE,0.3,0.2678901111848504870197841870,0.2678901111848504870197841870
2022-07-02 00:00:00+00:00,1,NEUTRAL,0.9976674591694162,True,13,False,BEAR_STRUCTURE,BEAR_STRUCTURE,0.3,0.2676154506785378211069641205,0.2676154506785378211069641205
2022-07-03 00:00:00+00:00,1,NEUTRAL,0.9995180205670484,True,14,False,BEAR_STRUCTURE,BEAR_STRUCTURE,0.3,0.2682564452674844547040379911,0.2682564452674844547040379911
2022-07-04 00:00:00+00:00,1,NEUTRAL,0.9996447614481033,True,15,False,BEAR_STRUCTURE,BEAR_STRUCTURE,0.3,0.2774966101487715021867971005,0.2774966101487715021867971005
2022-07-05 00:00:00+00:00,1,NEUTRAL,0.9943180331729111,True,16,False,BEAR_STRUCTURE,BEAR_STRUCTURE,0.3,0.2768929465121212457171307714,0.2768929465121212457171307714
2022-07-06 00:00:00+00:00,1,NEUTRAL,0.9469465026780091,True,17,False,BEAR_STRUCTURE,BEAR_STRUCTURE,0.3,0.2807297079808841277483795219,0.2807297079808841277483795219
2022-07-07 00:00:00+00:00,1,NEUTRAL,0.04802160080214841,False,17,False,BEAR_STRUCTURE,BEAR_STRUCTURE,0.3,0.2909937508730124818230799685,0.2909937508730124818230799685
2022-07-08 00:00:00+00:00,1,NEUTRAL,1.2215277768586622e-31,False,17,False,BEAR_STRUCTURE,BEAR_STRUCTURE,0.3,0.2907052196217146910786536471,0.2907052196217146910786536471
2022-07-09 00:00:00+00:00,2,EUPHORIA,0.999998211692635,True,3,False,BEAR_STRUCTURE,BEAR_STRUCTURE,0.3,0.60,0.3
2022-07-10 00:00:00+00:00,2,EUPHORIA,0.9995772168764432,True,4,False,BEAR_STRUCTURE,BEAR_STRUCTURE,0.3,0.60,0.3
2022-07-11 00:00:00+00:00,2,EUPHORIA,0.596222351974819,True,5,False,BEAR_STRUCTURE,BEAR_STRUCTURE,0.3,0.60,0.3
2022-07-12 00:00:00+00:00,2,EUPHORIA,0.25336989484663136,False,5,False,BEAR_STRUCTURE,BEAR_STRUCTURE,0.3,0.2932602801542652081291865448,0.2932602801542652081291865448
2022-07-13 00:00:00+00:00,2,EUPHORIA,0.9337225377213981,True,6,False,BEAR_STRUCTURE,BEAR_STRUCTURE,0.3,0.60,0.3
2022-07-14 00:00:00+00:00,2,EUPHORIA,0.9999999206788774,True,7,False,BEAR_STRUCTURE,BEAR_STRUCTURE,0.3,0.60,0.3
2022-07-15 00:00:00+00:00,2,EUPHORIA,0.9999999980091161,True,8,False,BEAR_STRUCTURE,BEAR_STRUCTURE,0.3,0.60,0.3
2022-07-16 00:00:00+00:00,2,EUPHORIA,0.9999999999990905,True,9,False,BEAR_STRUCTURE,BEAR_STRUCTURE,0.3,0.60,0.3
2022-07-17 00:00:00+00:00,2,EUPHORIA,1.0,True,10,False,BEAR_STRUCTURE,BEAR_STRUCTURE,0.3,0.60,0.3
2022-07-18 00:00:00+00:00,2,EUPHORIA,1.0,True,11,False,BEAR_STRUCTURE,BEAR_STRUCTURE,0.3,0.60,0.3
2022-07-19 00:00:00+00:00,2,EUPHORIA,1.0,True,12,False,BEAR_STRUCTURE,BEAR_STRUCTURE,0.3,0.60,0.3
2022-07-20 00:00:00+00:00,2,EUPHORIA,0.9999999999990905,True,13,False,BEAR_STRUCTURE,BEAR_STRUCTURE,0.3,0.60,0.3
2022-07-21 00:00:00+00:00,2,EUPHORIA,0.9999991963585263,True,14,False,BEAR_STRUCTURE,BEAR_STRUCTURE,0.3,0.60,0.3
2022-07-22 00:00:00+00:00,2,EUPHORIA,0.999997240419531,True,15,False,BEAR_STRUCTURE,BEAR_STRUCTURE,0.3,0.60,0.3
2022-07-23 00:00:00+00:00,2,EUPHORIA,0.9931925406936087,True,16,False,BEAR_STRUCTURE,BEAR_STRUCTURE,0.3,0.60,0.3
2022-07-24 00:00:00+00:00,2,EUPHORIA,0.9522114460511134,True,17,False,BEAR_STRUCTURE,BEAR_STRUCTURE,0.3,0.60,0.3
2022-07-25 00:00:00+00:00,2,EUPHORIA,0.00027167150918151175,False,17,False,BEAR_STRUCTURE,BEAR_STRUCTURE,0.3,0.2880209272615367173611321314,0.2880209272615367173611321314
2022-07-26 00:00:00+00:00,2,EUPHORIA,9.162393862817882e-07,False,17,False,BEAR_STRUCTURE,BEAR_STRUCTURE,0.3,0.2874794406328767936314138295,0.2874794406328767936314138295
2022-07-27 00:00:00+00:00,3,CRASH,0.9961796679622021,True,3,False,BEAR_STRUCTURE,BEAR_STRUCTURE,0.3,0.3034739600418572615842978058,0.3
2022-07-28 00:00:00+00:00,3,CRASH,0.5749324318935862,True,4,False,BEAR_STRUCTURE,BEAR_STRUCTURE,0.3,0.3080376267076245657799582412,0.3
2022-07-29 00:00:00+00:00,3,CRASH,0.1895456428978715,False,4,False,BEAR_STRUCTURE,BEAR_STRUCTURE,0.3,0.2993722288361282801780937371,0.2993722288361282801780937371
2022-07-30 00:00:00+00:00,3,CRASH,0.002680580304329315,False,4,False,BEAR_STRUCTURE,BEAR_STRUCTURE,0.3,0.2982212736724158252776575747,0.2982212736724158252776575747
2022-07-31 00:00:00+00:00,2,EUPHORIA,0.9986715302963165,True,3,False,BEAR_STRUCTURE,BEAR_STRUCTURE,0.3,0.95,0.3
2022-08-01 00:00:00+00:00,2,EUPHORIA,0.6219559783369871,True,4,False,BEAR_STRUCTURE,BEAR_STRUCTURE,0.3,0.95,0.3
2022-08-02 00:00:00+00:00,2,EUPHORIA,0.0018513441104971832,False,4,False,BEAR_STRUCTURE,BEAR_STRUCTURE,0.3,0.2974715173012218136189452840,0.2974715173012218136189452840
2022-08-03 00:00:00+00:00,2,EUPHORIA,2.5059030404643855e-05,False,4,False,BEAR_STRUCTURE,BEAR_STRUCTURE,0.3,0.2959279344010971881026192714,0.2959279344010971881026192714
2022-08-04 00:00:00+00:00,3,CRASH,0.999992393716008,True,3,False,BEAR_STRUCTURE,BEAR_STRUCTURE,0.3,0.2941392954547593891651436720,0.2941392954547593891651436720
2022-08-05 00:00:00+00:00,3,CRASH,0.999953516461487,True,4,False,BEAR_STRUCTURE,BEAR_STRUCTURE,0.3,0.3004103859284967152764780865,0.3
2022-08-06 00:00:00+00:00,3,CRASH,0.9987881036852498,True,5,False,BEAR_STRUCTURE,BEAR_STRUCTURE,0.3,0.2967477887156055385651533578,0.2967477887156055385651533578
2022-08-07 00:00:00+00:00,3,CRASH,0.999785935112398,True,6,False,BEAR_STRUCTURE,BEAR_STRUCTURE,0.3,0.2987438766741610362130476231,0.2987438766741610362130476231
2022-08-08 00:00:00+00:00,3,CRASH,0.9998109672697916,True,7,False,BEAR_STRUCTURE,BEAR_STRUCTURE,0.3,0.3044430793069055313820887151,0.3
2022-08-09 00:00:00+00:00,3,CRASH,0.9997741677160681,True,8,False,BEAR_STRUCTURE,BEAR_STRUCTURE,0.3,0.2941221598976245642887787480,0.2941221598976245642887787480
2022-08-10 00:00:00+00:00,3,CRASH,0.9997543115412072,True,9,False,BEAR_STRUCTURE,BEAR_STRUCTURE,0.3,0.3012605945361171724163002011,0.3
2022-08-11 00:00:00+00:00,3,CRASH,0.9996967196354534,True,10,False,BEAR_STRUCTURE,BEAR_STRUCTURE,0.3,0.2998277658631705847319723566,0.2998277658631705847319723566
2022-08-12 00:00:00+00:00,3,CRASH,0.9981789755461566,True,11,False,BEAR_STRUCTURE,BEAR_STRUCTURE,0.3,0.3039199013325632918622547925,0.3
2022-08-13 00:00:00+00:00,3,CRASH,0.9959397440360382,True,12,False,BEAR_STRUCTURE,BEAR_STRUCTURE,0.3,0.3003427806822590580551346212,0.3
2022-08-14 00:00:00+00:00,3,CRASH,0.8197136419860107,True,13,False,BEAR_STRUCTURE,BEAR_STRUCTURE,0.3,0.2988132154429103950511705353,0.2988132154429103950511705353
2022-08-15 00:00:00+00:00,3,CRASH,0.08657983990435587,False,13,False,BEAR_STRUCTURE,BEAR_STRUCTURE,0.3,0.2969945803109100572935830115,0.2969945803109100572935830115
2022-08-16 00:00:00+00:00,3,CRASH,0.002020372790594974,False,13,False,BEAR_STRUCTURE,BEAR_STRUCTURE,0.3,0.2949080409472830649519767431,0.2949080409472830649519767431
2022-08-17 00:00:00+00:00,4,BULL,0.9998012943437063,True,3,False,BEAR_STRUCTURE,BEAR_STRUCTURE,0.3,0.95,0.3
2022-08-18 00:00:00+00:00,4,BULL,0.9998373251558621,True,4,False,BEAR_STRUCTURE,BEAR_STRUCTURE,0.3,0.95,0.3
2022-08-19 00:00:00+00:00,4,BULL,0.9999967690507573,True,5,False,BEAR_STRUCTURE,BEAR_STRUCTURE,0.3,0.95,0.3
2022-08-20 00:00:00+00:00,4,BULL,0.9454926477046707,True,6,False,BEAR_STRUCTURE,BEAR_STRUCTURE,0.3,0.95,0.3
2022-08-21 00:00:00+00:00,4,BULL,0.9823941589544086,True,7,False,BEAR_STRUCTURE,BEAR_STRUCTURE,0.3,0.95,0.3
2022-08-22 00:00:00+00:00,4,BULL,0.9988346046633714,True,8,False,BEAR_STRUCTURE,BEAR_STRUCTURE,0.3,0.95,0.3
2022-08-23 00:00:00+00:00,4,BULL,0.9984497893944996,True,9,False,BEAR_STRUCTURE,BEAR_STRUCTURE,0.3,0.95,0.3
2022-08-24 00:00:00+00:00,4,BULL,0.9999949107425337,True,10,False,BEAR_STRUCTURE,BEAR_STRUCTURE,0.3,0.95,0.3
2022-08-25 00:00:00+00:00,4,BULL,0.9999805154809251,True,11,False,BEAR_STRUCTURE,BEAR_STRUCTURE,0.3,0.95,0.3
2022-08-26 00:00:00+00:00,4,BULL,0.999893839405764,True,12,False,BEAR_STRUCTURE,BEAR_STRUCTURE,0.3,0.95,0.3
2022-08-27 00:00:00+00:00,4,BULL,0.9990164868365434,True,13,False,BEAR_STRUCTURE,BEAR_STRUCTURE,0.3,0.95,0.3
2022-08-28 00:00:00+00:00,4,BULL,0.9924851507129985,True,14,False,BEAR_STRUCTURE,BEAR_STRUCTURE,0.3,0.95,0.3
2022-08-29 00:00:00+00:00,4,BULL,0.9735992766343109,True,15,False,BEAR_STRUCTURE,BEAR_STRUCTURE,0.3,0.95,0.3
2022-08-30 00:00:00+00:00,4,BULL,0.8422668123732946,True,16,False,BEAR_STRUCTURE,BEAR_STRUCTURE,0.3,0.95,0.3
2022-08-31 00:00:00+00:00,4,BULL,0.5837070870603567,True,17,False,BEAR_STRUCTURE,BEAR_STRUCTURE,0.3,0.95,0.3
2022-09-01 00:00:00+00:00,4,BULL,0.10050715169942734,False,17,False,BEAR_STRUCTURE,BEAR_STRUCTURE,0.3,0.3008688537528973252121731966,0.3
2022-09-02 00:00:00+00:00,4,BULL,0.0022828463572119395,False,17,False,BEAR_STRUCTURE,BEAR_STRUCTURE,0.3,0.2981088345521441434848511779,0.2981088345521441434848511779
2022-09-03 00:00:00+00:00,0,BEAR,0.9985306049051327,True,3,False,BEAR_STRUCTURE,BEAR_STRUCTURE,0.3,0.95,0.3
2022-09-04 00:00:00+00:00,0,BEAR,0.9992319269640696,True,4,False,BEAR_STRUCTURE,BEAR_STRUCTURE,0.3,0.95,0.3
2022-09-05 00:00:00+00:00,0,BEAR,0.9999888572140291,True,5,False,BEAR_STRUCTURE,BEAR_STRUCTURE,0.3,0.95,0.3
2022-09-06 00:00:00+00:00,0,BEAR,0.9999940953386316,True,6,False,BEAR_STRUCTURE,BEAR_STRUCTURE,0.3,0.95,0.3
2022-09-07 00:00:00+00:00,0,BEAR,0.9996337303524845,True,7,False,BEAR_STRUCTURE,BEAR_STRUCTURE,0.3,0.95,0.3
2022-09-08 00:00:00+00:00,0,BEAR,0.9998344980585572,True,8,False,BEAR_STRUCTURE,BEAR_STRUCTURE,0.3,0.95,0.3
2022-09-09 00:00:00+00:00,0,BEAR,0.999968351899632,True,9,False,BEAR_STRUCTURE,BEAR_STRUCTURE,0.3,0.95,0.3
2022-09-10 00:00:00+00:00,0,BEAR,0.9986210510385768,True,10,False,BEAR_STRUCTURE,BEAR_STRUCTURE,0.3,0.95,0.3
2022-09-11 00:00:00+00:00,0,BEAR,0.9306700132078222,True,11,False,BEAR_STRUCTURE,BEAR_STRUCTURE,0.3,0.95,0.3
2022-09-12 00:00:00+00:00,0,BEAR,0.9987708313046424,True,12,False,BEAR_STRUCTURE,BEAR_STRUCTURE,0.3,0.95,0.3
2022-09-13 00:00:00+00:00,0,BEAR,0.999982527647565,True,13,False,BEAR_STRUCTURE,BEAR_STRUCTURE,0.3,0.95,0.3
2022-09-14 00:00:00+00:00,0,BEAR,0.0774323960879414,False,13,False,BEAR_STRUCTURE,BEAR_STRUCTURE,0.3,0.3005598819553713642123410980,0.3
2022-09-15 00:00:00+00:00,0,BEAR,1.9259097998827603e-05,False,13,False,BEAR_STRUCTURE,BEAR_STRUCTURE,0.3,0.2945035868443294680930392722,0.2945035868443294680930392722
2022-09-16 00:00:00+00:00,4,BULL,0.9999386804444973,True,3,False,BEAR_STRUCTURE,BEAR_STRUCTURE,0.3,0.95,0.3
2022-09-17 00:00:00+00:00,4,BULL,0.9996703076289831,True,4,False,BEAR_STRUCTURE,BEAR_STRUCTURE,0.3,0.95,0.3
2022-09-18 00:00:00+00:00,4,BULL,0.9999806731083047,True,5,False,BEAR_STRUCTURE,BEAR_STRUCTURE,0.3,0.95,0.3
2022-09-19 00:00:00+00:00,4,BULL,0.9999983130438199,True,6,False,BEAR_STRUCTURE,BEAR_STRUCTURE,0.3,0.95,0.3
2022-09-20 00:00:00+00:00,4,BULL,0.9999862018818639,True,7,False,BEAR_STRUCTURE,BEAR_STRUCTURE,0.3,0.95,0.3
2022-09-21 00:00:00+00:00,4,BULL,0.999977234476706,True,8,False,BEAR_STRUCTURE,BEAR_STRUCTURE,0.3,0.95,0.3
2022-09-22 00:00:00+00:00,4,BULL,0.9989169169934262,True,9,False,BEAR_STRUCTURE,BEAR_STRUCTURE,0.3,0.95,0.3
2022-09-23 00:00:00+00:00,4,BULL,0.9980583510391843,True,10,False,BEAR_STRUCTURE,BEAR_STRUCTURE,0.3,0.95,0.3
2022-09-24 00:00:00+00:00,4,BULL,0.1857156039255866,False,10,False,BEAR_STRUCTURE,BEAR_STRUCTURE,0.3,0.2959694279415607534296985630,0.2959694279415607534296985630
2022-09-25 00:00:00+00:00,4,BULL,8.98141659368365e-05,False,10,False,BEAR_STRUCTURE,BEAR_STRUCTURE,0.3,0.2947214286775016506211419017,0.2947214286775016506211419017
2022-09-26 00:00:00+00:00,0,BEAR,0.9982561463131806,True,3,False,BEAR_STRUCTURE,BEAR_STRUCTURE,0.3,0.95,0.3
2022-09-27 00:00:00+00:00,0,BEAR,0.6823867133905523,True,4,False,BEAR_STRUCTURE,BEAR_STRUCTURE,0.3,0.95,0.3
2022-09-28 00:00:00+00:00,0,BEAR,0.009302359796424946,False,4,False,BEAR_STRUCTURE,BEAR_STRUCTURE,0.3,0.3036650145595161286656450929,0.3
2022-09-29 00:00:00+00:00,0,BEAR,1.3414248448851001e-05,False,4,False,BEAR_STRUCTURE,BEAR_STRUCTURE,0.3,0.3019285122729170980808269714,0.3
2022-09-30 00:00:00+00:00,4,BULL,0.999990522289757,True,3,False,BEAR_STRUCTURE,BEAR_STRUCTURE,0.3,0.95,0.3
2022-10-01 00:00:00+00:00,4,BULL,0.9957134121392042,True,4,False,BEAR_STRUCTURE,BEAR_STRUCTURE,0.3,0.95,0.3
2022-10-02 00:00:00+00:00,4,BULL,0.9908127163704952,True,5,False,BEAR_STRUCTURE,BEAR_STRUCTURE,0.3,0.95,0.3
2022-10-03 00:00:00+00:00,4,BULL,0.935071751185867,True,6,False,BEAR_STRUCTURE,BEAR_STRUCTURE,0.3,0.95,0.3
2022-10-04 00:00:00+00:00,4,BULL,0.42279657034356904,False,6,False,BEAR_STRUCTURE,BEAR_STRUCTURE,0.3,0.3075031455075405826011052401,0.3
2022-10-05 00:00:00+00:00,4,BULL,0.02634538041922214,False,6,False,BEAR_STRUCTURE,BEAR_STRUCTURE,0.3,0.2981439165103666083006443840,0.2981439165103666083006443840
2022-10-06 00:00:00+00:00,3,CRASH,0.9935740755101211,True,3,False,BEAR_STRUCTURE,BEAR_STRUCTURE,0.3,0.2960868090712572622912828360,0.2960868090712572622912828360
2022-10-07 00:00:00+00:00,3,CRASH,0.9982390558726179,True,4,False,BEAR_STRUCTURE,BEAR_STRUCTURE,0.3,0.2915620064153061998638331092,0.2915620064153061998638331092
2022-10-08 00:00:00+00:00,3,CRASH,0.9999235869601414,True,5,False,BEAR_STRUCTURE,BEAR_STRUCTURE,0.3,0.2903741116771240107495845521,0.2903741116771240107495845521
2022-10-09 00:00:00+00:00,3,CRASH,0.9999607497420279,True,6,False,BEAR_STRUCTURE,BEAR_STRUCTURE,0.3,0.2905975230922247628262366353,0.2905975230922247628262366353
2022-10-10 00:00:00+00:00,3,CRASH,0.9999241768871665,True,7,False,BEAR_STRUCTURE,BEAR_STRUCTURE,0.3,0.2873251751206174989938160005,0.2873251751206174989938160005
2022-10-11 00:00:00+00:00,3,CRASH,0.9999622917555133,True,8,False,BEAR_STRUCTURE,BEAR_STRUCTURE,0.3,0.2865551155336255721797434764,0.2865551155336255721797434764
2022-10-12 00:00:00+00:00,3,CRASH,0.999957945485508,True,9,False,BEAR_STRUCTURE,BEAR_STRUCTURE,0.3,0.2875783194053461515830954362,0.2875783194053461515830954362
2022-10-13 00:00:00+00:00,3,CRASH,0.999988066939554,True,10,False,BEAR_STRUCTURE,BEAR_STRUCTURE,0.3,0.2899193225624496206925184715,0.2899193225624496206925184715
2022-10-14 00:00:00+00:00,3,CRASH,0.9999835742849682,True,11,False,BEAR_STRUCTURE,BEAR_STRUCTURE,0.3,0.2878071285430736633128071194,0.2878071285430736633128071194
2022-10-15 00:00:00+00:00,3,CRASH,0.9999673619564743,True,12,False,BEAR_STRUCTURE,BEAR_STRUCTURE,0.3,0.2866558202901723915308655818,0.2866558202901723915308655818
2022-10-16 00:00:00+00:00,3,CRASH,0.9999682935155596,True,13,False,BEAR_STRUCTURE,BEAR_STRUCTURE,0.3,0.2887256947377416429020055197,0.2887256947377416429020055197
2022-10-17 00:00:00+00:00,3,CRASH,0.9999848814092365,True,14,False,BEAR_STRUCTURE,BEAR_STRUCTURE,0.3,0.2917710356540663942204607690,0.2917710356540663942204607690
2022-10-18 00:00:00+00:00,3,CRASH,0.9999429788136264,True,15,False,BEAR_STRUCTURE,BEAR_STRUCTURE,0.3,0.2894122412798723302439418865,0.2894122412798723302439418865
2022-10-19 00:00:00+00:00,3,CRASH,0.9996446824192731,True,16,False,BEAR_STRUCTURE,BEAR_STRUCTURE,0.3,0.2872406109688356436545921271,0.2872406109688356436545921271
2022-10-20 00:00:00+00:00,3,CRASH,0.9995958167515437,True,17,False,BEAR_STRUCTURE,BEAR_STRUCTURE,0.3,0.2863611331951097158169063947,0.2863611331951097158169063947
2022-10-21 00:00:00+00:00,3,CRASH,0.999877566552172,True,18,False,BEAR_STRUCTURE,BEAR_STRUCTURE,0.3,0.2876728546447793632326087052,0.2876728546447793632326087052
2022-10-22 00:00:00+00:00,3,CRASH,0.9999517256093908,True,19,False,BEAR_STRUCTURE,BEAR_STRUCTURE,0.3,0.2881000888977359256179587400,0.2881000888977359256179587400
2022-10-23 00:00:00+00:00,3,CRASH,0.999966375492997,True,20,False,BEAR_STRUCTURE,BEAR_STRUCTURE,0.3,0.2919880755321154173285193497,0.2919880755321154173285193497
2022-10-24 00:00:00+00:00,2,STRONG_BULL,0.9999925706050312,True,1,False,BEAR_STRUCTURE,BEAR_STRUCTURE,0.3,0.95,0.3
2022-10-25 00:00:00+00:00,2,STRONG_BULL,0.9998738412911374,True,2,False,BEAR_STRUCTURE,BEAR_STRUCTURE,0.3,0.95,0.3
2022-10-26 00:00:00+00:00,2,STRONG_BULL,0.9920348156010036,True,3,False,BEAR_STRUCTURE,BEAR_STRUCTURE,0.3,0.95,0.3
2022-10-27 00:00:00+00:00,2,STRONG_BULL,2.5853688046976453e-06,False,3,False,BEAR_STRUCTURE,BEAR_STRUCTURE,0.3,0.2951519422959160640580964749,0.2951519422959160640580964749
2022-10-28 00:00:00+00:00,2,STRONG_BULL,2.5972334117693077e-08,False,3,False,BEAR_STRUCTURE,BEAR_STRUCTURE,0.3,0.2981805365969107322745589974,0.2981805365969107322745589974
2022-10-29 00:00:00+00:00,0,STRONG_BEAR,0.9999991036519911,True,3,False,BEAR_STRUCTURE,BEAR_STRUCTURE,0.3,0.95,0.3
2022-10-30 00:00:00+00:00,0,STRONG_BEAR,0.9999989146141595,True,4,False,BEAR_STRUCTURE,BEAR_STRUCTURE,0.3,0.95,0.3
2022-10-31 00:00:00+00:00,0,STRONG_BEAR,0.9998145845582521,True,5,False,BEAR_STRUCTURE,BEAR_STRUCTURE,0.3,0.95,0.3
2022-11-01 00:00:00+00:00,0,STRONG_BEAR,0.9951957024712558,True,6,False,BEAR_STRUCTURE,BEAR_STRUCTURE,0.3,0.95,0.3
2022-11-02 00:00:00+00:00,0,STRONG_BEAR,0.9989282586441784,True,7,False,BEAR_STRUCTURE,BEAR_STRUCTURE,0.3,0.95,0.3
2022-11-03 00:00:00+00:00,0,STRONG_BEAR,0.9978798758095715,True,8,False,BEAR_STRUCTURE,BEAR_STRUCTURE,0.3,0.95,0.3
2022-11-04 00:00:00+00:00,0,STRONG_BEAR,0.9984983056739136,True,9,False,BEAR_STRUCTURE,BEAR_STRUCTURE,0.3,0.95,0.3
2022-11-05 00:00:00+00:00,0,STRONG_BEAR,0.9999998295247824,True,10,False,BEAR_STRUCTURE,BEAR_STRUCTURE,0.3,0.95,0.3
2022-11-06 00:00:00+00:00,0,STRONG_BEAR,0.9999999839101293,True,11,False,BEAR_STRUCTURE,BEAR_STRUCTURE,0.3,0.95,0.3
2022-11-07 00:00:00+00:00,0,STRONG_BEAR,0.9999986860274923,True,12,False,BEAR_STRUCTURE,BEAR_STRUCTURE,0.3,0.95,0.3
2022-11-08 00:00:00+00:00,0,STRONG_BEAR,0.9999999396077346,True,13,False,BEAR_STRUCTURE,BEAR_STRUCTURE,0.3,0.60,0.3
2022-11-09 00:00:00+00:00,0,STRONG_BEAR,0.9983401714850616,True,14,False,BEAR_STRUCTURE,BEAR_STRUCTURE,0.3,0.60,0.3
2022-11-10 00:00:00+00:00,0,STRONG_BEAR,0.027271474746495133,False,14,False,BEAR_STRUCTURE,BEAR_STRUCTURE,0.3,0.3214706355574071971289745388,0.3
2022-11-11 00:00:00+00:00,0,STRONG_BEAR,0.9996082578428479,True,15,False,BEAR_STRUCTURE,BEAR_STRUCTURE,0.3,0.60,0.3
2022-11-12 00:00:00+00:00,0,STRONG_BEAR,0.9448213982845551,True,16,False,BEAR_STRUCTURE,BEAR_STRUCTURE,0.3,0.60,0.3
2022-11-13 00:00:00+00:00,0,STRONG_BEAR,0.6796486076195959,True,17,False,BEAR_STRUCTURE,BEAR_STRUCTURE,0.3,0.60,0.3
2022-11-14 00:00:00+00:00,0,STRONG_BEAR,0.9869776043240088,True,18,False,BEAR_STRUCTURE,BEAR_STRUCTURE,0.3,0.60,0.3
2022-11-15 00:00:00+00:00,0,STRONG_BEAR,0.03550803566046441,False,18,False,BEAR_STRUCTURE,BEAR_STRUCTURE,0.3,0.3035576258319107008582137400,0.3
2022-11-16 00:00:00+00:00,0,STRONG_BEAR,1.717874252094478e-05,False,18,False,BEAR_STRUCTURE,BEAR_STRUCTURE,0.3,0.2970337939450149517681188645,0.2970337939450149517681188645
2022-11-17 00:00:00+00:00,2,STRONG_BULL,0.9877350592745575,True,3,False,BEAR_STRUCTURE,BEAR_STRUCTURE,0.3,0.95,0.3
2022-11-18 00:00:00+00:00,2,STRONG_BULL,0.9893494533016008,True,4,False,BEAR_STRUCTURE,BEAR_STRUCTURE,0.3,0.95,0.3
2022-11-19 00:00:00+00:00,2,STRONG_BULL,0.9965438410180844,True,5,False,BEAR_STRUCTURE,BEAR_STRUCTURE,0.3,0.95,0.3
2022-11-20 00:00:00+00:00,2,STRONG_BULL,0.999773273553187,True,6,False,BEAR_STRUCTURE,BEAR_STRUCTURE,0.3,0.95,0.3
2022-11-21 00:00:00+00:00,2,STRONG_BULL,0.9998548301685599,True,7,False,BEAR_STRUCTURE,BEAR_STRUCTURE,0.3,0.95,0.3
2022-11-22 00:00:00+00:00,2,STRONG_BULL,0.9982130278287309,True,8,False,BEAR_STRUCTURE,BEAR_STRUCTURE,0.3,0.95,0.3
2022-11-23 00:00:00+00:00,2,STRONG_BULL,0.9886635084834419,True,9,False,BEAR_STRUCTURE,BEAR_STRUCTURE,0.3,0.95,0.3
2022-11-24 00:00:00+00:00,2,STRONG_BULL,0.9484893987515458,True,10,False,BEAR_STRUCTURE,BEAR_STRUCTURE,0.3,0.95,0.3
2022-11-25 00:00:00+00:00,2,STRONG_BULL,0.2797030242065931,False,10,False,BEAR_STRUCTURE,BEAR_STRUCTURE,0.3,0.2989761854779403742684028684,0.2989761854779403742684028684
2022-11-26 00:00:00+00:00,2,STRONG_BULL,0.00017950528253175425,False,10,False,BEAR_STRUCTURE,BEAR_STRUCTURE,0.3,0.2981688479296434682671753012,0.2981688479296434682671753012
2022-11-27 00:00:00+00:00,3,EUPHORIA,0.9999358620972189,True,3,False,BEAR_STRUCTURE,BEAR_STRUCTURE,0.3,0.2977898753756912442737738030,0.2977898753756912442737738030
2022-11-28 00:00:00+00:00,3,EUPHORIA,0.999072184965945,True,4,False,BEAR_STRUCTURE,BEAR_STRUCTURE,0.3,0.2950314155102233305242032483,0.2950314155102233305242032483
2022-11-29 00:00:00+00:00,3,EUPHORIA,0.999740142040383,True,5,False,BEAR_STRUCTURE,BEAR_STRUCTURE,0.3,0.2979648464150692077342189817,0.2979648464150692077342189817
2022-11-30 00:00:00+00:00,3,EUPHORIA,0.9999887001196816,True,6,False,BEAR_STRUCTURE,BEAR_STRUCTURE,0.3,0.3070204689498225198581918656,0.3
2022-12-01 00:00:00+00:00,3,EUPHORIA,0.9999640256496475,True,7,False,BEAR_STRUCTURE,BEAR_STRUCTURE,0.3,0.2976927603851398934433950003,0.2976927603851398934433950003
2022-12-02 00:00:00+00:00,3,EUPHORIA,0.9999023831864973,True,8,False,BEAR_STRUCTURE,BEAR_STRUCTURE,0.3,0.2991106428041015918449687747,0.2991106428041015918449687747
2022-12-03 00:00:00+00:00,3,EUPHORIA,0.9998664669525258,True,9,False,BEAR_STRUCTURE,BEAR_STRUCTURE,0.3,0.2965558740292073575006813065,0.2965558740292073575006813065
2022-12-04 00:00:00+00:00,3,EUPHORIA,0.999438614818465,True,10,False,BEAR_STRUCTURE,BEAR_STRUCTURE,0.3,0.2992695619285755326780812411,0.2992695619285755326780812411
2022-12-05 00:00:00+00:00,3,EUPHORIA,0.8771503698270937,True,11,False,BEAR_STRUCTURE,BEAR_STRUCTURE,0.3,0.2975570257977569469056917727,0.2975570257977569469056917727
2022-12-06 00:00:00+00:00,3,EUPHORIA,0.004935574449300931,False,11,False,BEAR_STRUCTURE,BEAR_STRUCTURE,0.3,0.2990642778138112212306169451,0.2990642778138112212306169451
2022-12-07 00:00:00+00:00,3,EUPHORIA,1.9003681259269667e-06,False,11,False,BEAR_STRUCTURE,BEAR_STRUCTURE,0.3,0.2959554208360848854997250359,0.2959554208360848854997250359
2022-12-08 00:00:00+00:00,2,STRONG_BULL,0.9998098766818424,True,3,False,BEAR_STRUCTURE,BEAR_STRUCTURE,0.3,0.95,0.3
2022-12-09 00:00:00+00:00,2,STRONG_BULL,0.9998561450146364,True,4,False,BEAR_STRUCTURE,BEAR_STRUCTURE,0.3,0.95,0.3
2022-12-10 00:00:00+00:00,2,STRONG_BULL,0.9998643716164268,True,5,False,BEAR_STRUCTURE,BEAR_STRUCTURE,0.3,0.95,0.3
2022-12-11 00:00:00+00:00,2,STRONG_BULL,0.9993919414837261,True,6,False,BEAR_STRUCTURE,BEAR_STRUCTURE,0.3,0.95,0.3
2022-12-12 00:00:00+00:00,2,STRONG_BULL,0.9987826656433947,True,7,False,BEAR_STRUCTURE,BEAR_STRUCTURE,0.3,0.95,0.3
2022-12-13 00:00:00+00:00,2,STRONG_BULL,0.9701678590513416,True,8,False,BEAR_STRUCTURE,BEAR_STRUCTURE,0.3,0.95,0.3
2022-12-14 00:00:00+00:00,2,STRONG_BULL,0.9072023276707218,True,9,False,BEAR_STRUCTURE,BEAR_STRUCTURE,0.3,0.95,0.3
2022-12-15 00:00:00+00:00,2,STRONG_BULL,0.14564831719959487,False,9,False,BEAR_STRUCTURE,BEAR_STRUCTURE,0.3,0.2946793640882559232670959727,0.2946793640882559232670959727
2022-12-16 00:00:00+00:00,2,STRONG_BULL,2.1860724854785055e-05,False,9,False,BEAR_STRUCTURE,BEAR_STRUCTURE,0.3,0.2858988115706370151728914217,0.2858988115706370151728914217
2022-12-17 00:00:00+00:00,0,STRONG_BEAR,0.9999876887789697,True,3,False,BEAR_STRUCTURE,BEAR_STRUCTURE,0.3,0.60,0.3
2022-12-18 00:00:00+00:00,0,STRONG_BEAR,0.998040632092816,True,4,False,BEAR_STRUCTURE,BEAR_STRUCTURE,0.3,0.60,0.3
2022-12-19 00:00:00+00:00,0,STRONG_BEAR,0.995721999485561,True,5,False,BEAR_STRUCTURE,BEAR_STRUCTURE,0.3,0.60,0.3
2022-12-20 00:00:00+00:00,0,STRONG_BEAR,0.9999862383384567,True,6,False,BEAR_STRUCTURE,BEAR_STRUCTURE,0.3,0.60,0.3
2022-12-21 00:00:00+00:00,0,STRONG_BEAR,0.9664117857327876,True,7,False,BEAR_STRUCTURE,BEAR_STRUCTURE,0.3,0.60,0.3
2022-12-22 00:00:00+00:00,0,STRONG_BEAR,0.916106551914833,True,8,False,BEAR_STRUCTURE,BEAR_STRUCTURE,0.3,0.60,0.3
2022-12-23 00:00:00+00:00,0,STRONG_BEAR,0.6766712892562396,True,9,False,BEAR_STRUCTURE,BEAR_STRUCTURE,0.3,0.60,0.3
2022-12-24 00:00:00+00:00,0,STRONG_BEAR,0.01575789338074005,False,9,False,BEAR_STRUCTURE,BEAR_STRUCTURE,0.3,0.3007203658630494265844608733,0.3
2022-12-25 00:00:00+00:00,0,STRONG_BEAR,1.9491163614526157e-05,False,9,False,BEAR_STRUCTURE,BEAR_STRUCTURE,0.3,0.2999548244042133739770797207,0.2999548244042133739770797207
2022-12-26 00:00:00+00:00,2,STRONG_BULL,0.9999968573119347,True,3,False,BEAR_STRUCTURE,BEAR_STRUCTURE,0.3,0.95,0.3
2022-12-27 00:00:00+00:00,2,STRONG_BULL,0.9999957329309926,True,4,False,BEAR_STRUCTURE,BEAR_STRUCTURE,0.3,0.95,0.3
2022-12-28 00:00:00+00:00,2,STRONG_BULL,0.9999815364371132,True,5,False,BEAR_STRUCTURE,BEAR_STRUCTURE,0.3,0.95,0.3
2022-12-29 00:00:00+00:00,2,STRONG_BULL,0.9998984310125775,True,6,False,BEAR_STRUCTURE,BEAR_STRUCTURE,0.3,0.95,0.3
2022-12-30 00:00:00+00:00,2,STRONG_BULL,0.9999243055309024,True,7,False,BEAR_STRUCTURE,BEAR_STRUCTURE,0.3,0.95,0.3
2022-12-31 00:00:00+00:00,2,STRONG_BULL,0.9999007876587286,True,8,False,BEAR_STRUCTURE,BEAR_STRUCTURE,0.3,0.95,0.3
2023-01-01 00:00:00+00:00,2,STRONG_BULL,0.9998683259055179,True,9,False,BEAR_STRUCTURE,BEAR_STRUCTURE,0.3,0.95,0.3
2023-01-02 00:00:00+00:00,2,STRONG_BULL,0.9998013804693837,True,10,False,BEAR_STRUCTURE,BEAR_STRUCTURE,0.3,0.95,0.3
2023-01-03 00:00:00+00:00,2,STRONG_BULL,0.9996645778021862,True,11,False,BEAR_STRUCTURE,BEAR_STRUCTURE,0.3,0.95,0.3
2023-01-04 00:00:00+00:00,2,STRONG_BULL,0.9998007782799672,True,12,False,BEAR_STRUCTURE,BEAR_STRUCTURE,0.3,0.95,0.3
2023-01-05 00:00:00+00:00,2,STRONG_BULL,0.9934547213182813,True,13,False,BEAR_STRUCTURE,BEAR_STRUCTURE,0.3,0.95,0.3
2023-01-06 00:00:00+00:00,2,STRONG_BULL,0.991703317542003,True,14,False,BEAR_STRUCTURE,BEAR_STRUCTURE,0.3,0.95,0.3
2023-01-07 00:00:00+00:00,2,STRONG_BULL,0.9841498584684221,True,15,False,BEAR_STRUCTURE,BEAR_STRUCTURE,0.3,0.95,0.3
2023-01-08 00:00:00+00:00,2,STRONG_BULL,0.8753725932267623,True,16,False,BEAR_STRUCTURE,BEAR_STRUCTURE,0.3,0.95,0.3
2023-01-09 00:00:00+00:00,2,STRONG_BULL,0.13185275776941524,False,16,False,BEAR_STRUCTURE,BEAR_STRUCTURE,0.3,0.3006180432470257974888745174,0.3
2023-01-10 00:00:00+00:00,2,STRONG_BULL,0.0006078050604188615,False,16,False,BEAR_STRUCTURE,BEAR_STRUCTURE,0.3,0.3031831062938339975532654346,0.3
2023-01-11 00:00:00+00:00,0,STRONG_BEAR,0.9999996032011828,True,3,False,BEAR_STRUCTURE,BEAR_STRUCTURE,0.3,0.95,0.3
2023-01-12 00:00:00+00:00,0,STRONG_BEAR,0.9957734567419018,True,4,False,BEAR_STRUCTURE,BEAR_STRUCTURE,0.3,0.95,0.3
2023-01-13 00:00:00+00:00,0,STRONG_BEAR,0.9987453748789652,True,5,False,TRANSITION,BEAR_STRUCTURE,0.3,0.95,0.3
2023-01-14 00:00:00+00:00,0,STRONG_BEAR,0.9981487590819033,True,6,False,TRANSITION,BEAR_STRUCTURE,0.3,0.95,0.3
2023-01-15 00:00:00+00:00,0,STRONG_BEAR,0.09123507091316672,False,6,False,TRANSITION,BEAR_STRUCTURE,0.3,0.2991880821625082936743789162,0.2991880821625082936743789162
2023-01-16 00:00:00+00:00,0,STRONG_BEAR,6.510592387244778e-07,False,6,False,TRANSITION,BEAR_STRUCTURE,0.3,0.3023298769650422630136568440,0.3
2023-01-17 00:00:00+00:00,3,EUPHORIA,0.9999999999258762,True,3,False,TRANSITION,TRANSITION,0.6,0.2994958697125322063743438707,0.2994958697125322063743438707
2023-01-18 00:00:00+00:00,3,EUPHORIA,0.9999999999990905,True,4,False,TRANSITION,TRANSITION,0.6,0.2949263965298218254047561241,0.2949263965298218254047561241
2023-01-19 00:00:00+00:00,3,EUPHORIA,1.0,True,5,False,TRANSITION,TRANSITION,0.6,0.2988677434833835701392016334,0.2988677434833835701392016334
2023-01-20 00:00:00+00:00,3,EUPHORIA,1.0,True,6,False,TRANSITION,TRANSITION,0.6,0.3143841817295176788406322571,0.3143841817295176788406322571
2023-01-21 00:00:00+00:00,3,EUPHORIA,1.0,True,7,False,TRANSITION,TRANSITION,0.6,0.3154886984647974615347154024,0.3154886984647974615347154024
2023-01-22 00:00:00+00:00,3,EUPHORIA,1.0,True,8,False,TRANSITION,TRANSITION,0.6,0.3147707023908560216143002048,0.3147707023908560216143002048
2023-01-23 00:00:00+00:00,3,EUPHORIA,1.0,True,9,False,TRANSITION,TRANSITION,0.6,0.3167460870709097256339629746,0.3167460870709097256339629746
2023-01-24 00:00:00+00:00,3,EUPHORIA,1.0,True,10,False,TRANSITION,TRANSITION,0.6,0.3140576709670634134603250047,0.3140576709670634134603250047
2023-01-25 00:00:00+00:00,3,EUPHORIA,1.0,True,11,False,TRANSITION,TRANSITION,0.6,0.3181078997302917876760612209,0.3181078997302917876760612209
2023-01-26 00:00:00+00:00,3,EUPHORIA,1.0,True,12,False,TRANSITION,TRANSITION,0.6,0.3176251153826420700478345603,0.3176251153826420700478345603
2023-01-27 00:00:00+00:00,3,EUPHORIA,1.0,True,13,False,TRANSITION,TRANSITION,0.6,0.3182322267067828536069555146,0.3182322267067828536069555146
2023-01-28 00:00:00+00:00,3,EUPHORIA,1.0,True,14,False,TRANSITION,TRANSITION,0.6,0.3177470761075790248883344015,0.3177470761075790248883344015
2023-01-29 00:00:00+00:00,3,EUPHORIA,1.0,True,15,False,TRANSITION,TRANSITION,0.6,0.3244572157315658417620993574,0.3244572157315658417620993574
2023-01-30 00:00:00+00:00,3,EUPHORIA,1.0,True,16,False,TRANSITION,TRANSITION,0.6,0.3158922476949558559727780048,0.3158922476949558559727780048
2023-01-31 00:00:00+00:00,3,EUPHORIA,1.0,True,17,False,TRANSITION,TRANSITION,0.6,0.3187111480302885628449337793,0.3187111480302885628449337793
2023-02-01 00:00:00+00:00,3,EUPHORIA,1.0,True,18,False,BULL_STRUCTURE,TRANSITION,0.6,0.3243682092242999904763589814,0.3243682092242999904763589814
2023-02-02 00:00:00+00:00,3,EUPHORIA,1.0,True,19,False,BULL_STRUCTURE,TRANSITION,0.6,0.3221101143273432178411521676,0.3221101143273432178411521676
2023-02-03 00:00:00+00:00,3,EUPHORIA,1.0,True,20,False,BULL_STRUCTURE,TRANSITION,0.6,0.3215794505371700139243182076,0.3215794505371700139243182076
2023-02-04 00:00:00+00:00,3,EUPHORIA,1.0,True,21,False,BULL_STRUCTURE,TRANSITION,0.6,0.3205998617373324006080264887,0.3205998617373324006080264887
2023-02-05 00:00:00+00:00,3,EUPHORIA,1.0,True,22,False,BULL_STRUCTURE,BULL_STRUCTURE,1.0,0.3169014963985988607315900159,0.3169014963985988607315900159
2023-02-06 00:00:00+00:00,3,EUPHORIA,1.0,True,23,False,BULL_STRUCTURE,BULL_STRUCTURE,1.0,0.3152893059753079470833671227,0.3152893059753079470833671227
2023-02-07 00:00:00+00:00,3,EUPHORIA,1.0,True,24,False,BULL_STRUCTURE,BULL_STRUCTURE,1.0,0.3197923252625428007692498088,0.3197923252625428007692498088
2023-02-08 00:00:00+00:00,3,EUPHORIA,1.0,True,25,False,BULL_STRUCTURE,BULL_STRUCTURE,1.0,0.3171854125515233563544795904,0.3171854125515233563544795904
2023-02-09 00:00:00+00:00,3,EUPHORIA,1.0,True,26,False,BULL_STRUCTURE,BULL_STRUCTURE,1.0,0.3060017634480111196630967811,0.3060017634480111196630967811
2023-02-10 00:00:00+00:00,3,EUPHORIA,1.0,True,27,False,BULL_STRUCTURE,BULL_STRUCTURE,1.0,0.3043301123452167785789449725,0.3043301123452167785789449725
2023-02-11 00:00:00+00:00,3,EUPHORIA,1.0,True,28,False,BULL_STRUCTURE,BULL_STRUCTURE,1.0,0.3066461597966691902372253423,0.3066461597966691902372253423
2023-02-12 00:00:00+00:00,3,EUPHORIA,1.0,True,29,False,BULL_STRUCTURE,BULL_STRUCTURE,1.0,0.3058769314953498516709891608,0.3058769314953498516709891608
2023-02-13 00:00:00+00:00,3,EUPHORIA,1.0,True,30,False,BULL_STRUCTURE,BULL_STRUCTURE,1.0,0.3057836436533316794209822855,0.3057836436533316794209822855
2023-02-14 00:00:00+00:00,3,EUPHORIA,1.0,True,31,False,BULL_STRUCTURE,BULL_STRUCTURE,1.0,0.3099108754619374589329421671,0.3099108754619374589329421671
2023-02-15 00:00:00+00:00,3,EUPHORIA,1.0,True,32,False,BULL_STRUCTURE,BULL_STRUCTURE,1.0,0.3297854692469705991507671852,0.3297854692469705991507671852
2023-02-16 00:00:00+00:00,3,EUPHORIA,1.0,True,33,False,BULL_STRUCTURE,BULL_STRUCTURE,1.0,0.3223775501124174251526398652,0.3223775501124174251526398652
2023-02-17 00:00:00+00:00,3,EUPHORIA,1.0,True,34,False,BULL_STRUCTURE,BULL_STRUCTURE,1.0,0.3320126615112403027505568927,0.3320126615112403027505568927
2023-02-18 00:00:00+00:00,3,EUPHORIA,1.0,True,35,False,BULL_STRUCTURE,BULL_STRUCTURE,1.0,0.3325716543433097826883178775,0.3325716543433097826883178775
2023-02-19 00:00:00+00:00,3,EUPHORIA,1.0,True,36,False,BULL_STRUCTURE,BULL_STRUCTURE,1.0,0.3293099850238990619050248794,0.3293099850238990619050248794
2023-02-20 00:00:00+00:00,3,EUPHORIA,1.0,True,37,False,BULL_STRUCTURE,BULL_STRUCTURE,1.0,0.3344609328965000144567145607,0.3344609328965000144567145607
2023-02-21 00:00:00+00:00,3,EUPHORIA,1.0,True,38,False,BULL_STRUCTURE,BULL_STRUCTURE,1.0,0.3309475567234231390023664785,0.3309475567234231390023664785
2023-02-22 00:00:00+00:00,3,EUPHORIA,1.0,True,39,False,BULL_STRUCTURE,BULL_STRUCTURE,1.0,0.3284941186367938354732850854,0.3284941186367938354732850854
2023-02-23 00:00:00+00:00,3,EUPHORIA,1.0,True,40,False,BULL_STRUCTURE,BULL_STRUCTURE,1.0,0.3262792660065606886956427338,0.3262792660065606886956427338
2023-02-24 00:00:00+00:00,3,EUPHORIA,1.0,True,41,False,BULL_STRUCTURE,BULL_STRUCTURE,1.0,0.3192755548413911292502029366,0.3192755548413911292502029366
2023-02-25 00:00:00+00:00,3,EUPHORIA,1.0,True,42,False,BULL_STRUCTURE,BULL_STRUCTURE,1.0,0.3190109180060275713141672897,0.3190109180060275713141672897
2023-02-26 00:00:00+00:00,3,EUPHORIA,1.0,True,43,False,BULL_STRUCTURE,BULL_STRUCTURE,1.0,0.3227222660178264278648438050,0.3227222660178264278648438050
2023-02-27 00:00:00+00:00,3,EUPHORIA,1.0,True,44,False,BULL_STRUCTURE,BULL_STRUCTURE,1.0,0.3221393957310050317404223408,0.3221393957310050317404223408
2023-02-28 00:00:00+00:00,3,EUPHORIA,1.0,True,45,False,BULL_STRUCTURE,BULL_STRUCTURE,1.0,0.3188654771140586241548347975,0.3188654771140586241548347975
2023-03-01 00:00:00+00:00,3,EUPHORIA,1.0,True,46,False,BULL_STRUCTURE,BULL_STRUCTURE,1.0,0.3234093502620568421753484466,0.3234093502620568421753484466
2023-03-02 00:00:00+00:00,3,EUPHORIA,1.0,True,47,False,BULL_STRUCTURE,BULL_STRUCTURE,1.0,0.3218904696493043948508283028,0.3218904696493043948508283028
2023-03-03 00:00:00+00:00,3,EUPHORIA,1.0,True,48,False,BULL_STRUCTURE,BULL_STRUCTURE,1.0,0.3113960754933999197718951798,0.3113960754933999197718951798
2023-03-04 00:00:00+00:00,3,EUPHORIA,1.0,True,49,False,TRANSITION,BULL_STRUCTURE,0.6,0.3113215355937029410462307266,0.3113215355937029410462307266
2023-03-05 00:00:00+00:00,3,EUPHORIA,1.0,True,50,False,TRANSITION,BULL_STRUCTURE,0.6,0.3121233588023583955105044510,0.3121233588023583955105044510
2023-03-06 00:00:00+00:00,3,EUPHORIA,1.0,True,51,False,TRANSITION,BULL_STRUCTURE,0.6,0.3119295668420885820478558311,0.3119295668420885820478558311
2023-03-07 00:00:00+00:00,3,EUPHORIA,1.0,True,52,False,TRANSITION,BULL_STRUCTURE,0.6,0.3098927636707257188348236085,0.3098927636707257188348236085
2023-03-08 00:00:00+00:00,3,EUPHORIA,1.0,True,53,False,TRANSITION,TRANSITION,0.6,0.3051148835246380122568497780,0.3051148835246380122568497780
2023-03-09 00:00:00+00:00,3,EUPHORIA,1.0,True,54,False,TRANSITION,TRANSITION,0.6,0.2917417371369123239181939643,0.2917417371369123239181939643
2023-03-10 00:00:00+00:00,3,EUPHORIA,0.9999999951814971,True,55,False,TRANSITION,TRANSITION,0.6,0.2895886813598203178205933394,0.2895886813598203178205933394
2023-03-11 00:00:00+00:00,3,EUPHORIA,0.9999999746096367,True,56,False,TRANSITION,TRANSITION,0.6,0.2926893734166978153575369689,0.2926893734166978153575369689
2023-03-12 00:00:00+00:00,3,EUPHORIA,0.9999999992096491,True,57,False,TRANSITION,TRANSITION,0.6,0.3079522967738582376002894146,0.3079522967738582376002894146
2023-03-13 00:00:00+00:00,3,EUPHORIA,0.9927092395143196,True,58,False,TRANSITION,TRANSITION,0.6,0.3278665901616274418280777525,0.3278665901616274418280777525
2023-03-14 00:00:00+00:00,3,EUPHORIA,0.9391335482375538,True,59,False,BULL_STRUCTURE,TRANSITION,0.6,0.3329180519674990120130199630,0.3329180519674990120130199630
2023-03-15 00:00:00+00:00,3,EUPHORIA,0.999990882365366,True,60,False,BULL_STRUCTURE,TRANSITION,0.6,0.3294364465374070198177654958,0.3294364465374070198177654958
2023-03-16 00:00:00+00:00,3,EUPHORIA,0.999999999994543,True,61,False,BULL_STRUCTURE,TRANSITION,0.6,0.3358610056753007086493201023,0.3358610056753007086493201023
2023-03-17 00:00:00+00:00,3,EUPHORIA,1.0,True,62,False,BULL_STRUCTURE,TRANSITION,0.6,0.3565761597267068670688308251,0.3565761597267068670688308251
2023-03-18 00:00:00+00:00,3,EUPHORIA,1.0,True,63,False,BULL_STRUCTURE,BULL_STRUCTURE,1.0,0.3524661701258859315706702832,0.3524661701258859315706702832
2023-03-19 00:00:00+00:00,3,EUPHORIA,1.0,True,64,False,BULL_STRUCTURE,BULL_STRUCTURE,1.0,0.3613785217449717002054597746,0.3613785217449717002054597746
2023-03-20 00:00:00+00:00,3,EUPHORIA,1.0,True,65,False,BULL_STRUCTURE,BULL_STRUCTURE,1.0,0.3592606037848858060859916425,0.3592606037848858060859916425
2023-03-21 00:00:00+00:00,3,EUPHORIA,1.0,True,66,False,BULL_STRUCTURE,BULL_STRUCTURE,1.0,0.3624706383873618134182632411,0.3624706383873618134182632411
2023-03-22 00:00:00+00:00,3,EUPHORIA,1.0,True,67,False,BULL_STRUCTURE,BULL_STRUCTURE,1.0,0.3553665743375951007771630101,0.3553665743375951007771630101
2023-03-23 00:00:00+00:00,3,EUPHORIA,1.0,True,68,False,BULL_STRUCTURE,BULL_STRUCTURE,1.0,0.3640285257357193208444149484,0.3640285257357193208444149484
2023-03-24 00:00:00+00:00,3,EUPHORIA,0.9999999999481588,True,69,False,BULL_STRUCTURE,BULL_STRUCTURE,1.0,0.3570727386937309539321691357,0.3570727386937309539321691357
2023-03-25 00:00:00+00:00,3,EUPHORIA,0.9999999991405275,True,70,False,BULL_STRUCTURE,BULL_STRUCTURE,1.0,0.3571436398679193431202348657,0.3571436398679193431202348657
2023-03-26 00:00:00+00:00,3,EUPHORIA,0.9999999920919436,True,71,False,BULL_STRUCTURE,BULL_STRUCTURE,1.0,0.3613387529059313530648368905,0.3613387529059313530648368905
2023-03-27 00:00:00+00:00,3,EUPHORIA,0.9999999961246431,True,72,False,BULL_STRUCTURE,BULL_STRUCTURE,1.0,0.3543051250441983762014590275,0.3543051250441983762014590275
2023-03-28 00:00:00+00:00,3,EUPHORIA,0.9998979741284989,True,73,False,BULL_STRUCTURE,BULL_STRUCTURE,1.0,0.3554514672841970726009605486,0.3554514672841970726009605486
2023-03-29 00:00:00+00:00,3,EUPHORIA,0.9996475926670696,True,74,False,BULL_STRUCTURE,BULL_STRUCTURE,1.0,0.3644634262930461951170503457,0.3644634262930461951170503457
2023-03-30 00:00:00+00:00,3,EUPHORIA,0.999963262813235,True,75,False,BULL_STRUCTURE,BULL_STRUCTURE,1.0,0.3618374025153463643494714305,0.3618374025153463643494714305
2023-03-31 00:00:00+00:00,3,EUPHORIA,0.9999794772416419,True,76,False,BULL_STRUCTURE,BULL_STRUCTURE,1.0,0.3654160152253570498023846689,0.3654160152253570498023846689
2023-04-01 00:00:00+00:00,3,EUPHORIA,0.99999931478056,True,77,False,BULL_STRUCTURE,BULL_STRUCTURE,1.0,0.3653131108657317755344205795,0.3653131108657317755344205795
2023-04-02 00:00:00+00:00,3,EUPHORIA,0.9999999947540346,True,78,False,BULL_STRUCTURE,BULL_STRUCTURE,1.0,0.3630161179744145184320397129,0.3630161179744145184320397129
2023-04-03 00:00:00+00:00,3,EUPHORIA,0.9999946880739229,True,79,False,BULL_STRUCTURE,BULL_STRUCTURE,1.0,0.3599491030674253971227647185,0.3599491030674253971227647185
2023-04-04 00:00:00+00:00,3,EUPHORIA,0.9954901991452094,True,80,False,BULL_STRUCTURE,BULL_STRUCTURE,1.0,0.3629635822812156273373142217,0.3629635822812156273373142217
2023-04-05 00:00:00+00:00,3,EUPHORIA,0.016991591124187407,False,80,False,BULL_STRUCTURE,BULL_STRUCTURE,1.0,0.3630008506818098884074282511,0.3630008506818098884074282511
2023-04-06 00:00:00+00:00,3,EUPHORIA,1.0894804054531385e-05,False,80,False,BULL_STRUCTURE,BULL_STRUCTURE,1.0,0.3618809808366918459152201283,0.3618809808366918459152201283
2023-04-07 00:00:00+00:00,2,STRONG_BULL,0.9999495990546775,True,3,False,BULL_STRUCTURE,BULL_STRUCTURE,1.0,0.95,0.95
2023-04-08 00:00:00+00:00,2,STRONG_BULL,0.9998886681074635,True,4,False,BULL_STRUCTURE,BULL_STRUCTURE,1.0,0.9507816282235299161965492753,0.9507816282235299161965492753
2023-04-09 00:00:00+00:00,2,STRONG_BULL,0.9999456674522227,True,5,False,BULL_STRUCTURE,BULL_STRUCTURE,1.0,0.9514187716766935276436129158,0.9514187716766935276436129158
2023-04-10 00:00:00+00:00,2,STRONG_BULL,0.025634509249793474,False,5,False,BULL_STRUCTURE,BULL_STRUCTURE,1.0,0.475,0.475
2023-04-11 00:00:00+00:00,2,STRONG_BULL,1.0322214784452045e-07,False,5,False,BULL_STRUCTURE,BULL_STRUCTURE,1.0,0.4799905915798073134771634003,0.4799905915798073134771634003
2023-04-12 00:00:00+00:00,3,EUPHORIA,1.0,True,3,False,BULL_STRUCTURE,BULL_STRUCTURE,1.0,0.4773962102698644002639946729,0.4773962102698644002639946729
2023-04-13 00:00:00+00:00,3,EUPHORIA,1.0,True,4,False,BULL_STRUCTURE,BULL_STRUCTURE,1.0,0.4814199289440987754553676109,0.4814199289440987754553676109
2023-04-14 00:00:00+00:00,3,EUPHORIA,1.0,True,5,False,BULL_STRUCTURE,BULL_STRUCTURE,1.0,0.4821839457380133377795916639,0.4821839457380133377795916639
2023-04-15 00:00:00+00:00,3,EUPHORIA,1.0,True,6,False,BULL_STRUCTURE,BULL_STRUCTURE,1.0,0.4807718421645045098311042669,0.4807718421645045098311042669
2023-04-16 00:00:00+00:00,3,EUPHORIA,1.0,True,7,False,BULL_STRUCTURE,BULL_STRUCTURE,1.0,0.4808506042164638157038562754,0.4808506042164638157038562754
2023-04-17 00:00:00+00:00,3,EUPHORIA,1.0,True,8,False,BULL_STRUCTURE,BULL_STRUCTURE,1.0,0.4735465995148565300463344345,0.4735465995148565300463344345
2023-04-18 00:00:00+00:00,3,EUPHORIA,1.0,True,9,False,BULL_STRUCTURE,BULL_STRUCTURE,1.0,0.4814706376913377568029979432,0.4814706376913377568029979432
2023-04-19 00:00:00+00:00,3,EUPHORIA,1.0,True,10,False,BULL_STRUCTURE,BULL_STRUCTURE,1.0,0.4681278880712700866860800052,0.4681278880712700866860800052
2023-04-20 00:00:00+00:00,3,EUPHORIA,0.9999999996252882,True,11,False,BULL_STRUCTURE,BULL_STRUCTURE,1.0,0.4632992309316920216379179328,0.4632992309316920216379179328
2023-04-21 00:00:00+00:00,3,EUPHORIA,0.9999995428153078,True,12,False,BULL_STRUCTURE,BULL_STRUCTURE,1.0,0.4545231223208758312131228534,0.4545231223208758312131228534
2023-04-22 00:00:00+00:00,3,EUPHORIA,0.999999996644874,True,13,False,BULL_STRUCTURE,BULL_STRUCTURE,1.0,0.4595152528563846521309143669,0.4595152528563846521309143669
2023-04-23 00:00:00+00:00,3,EUPHORIA,0.9999857983237962,True,14,False,BULL_STRUCTURE,BULL_STRUCTURE,1.0,0.4574876157636226243817114183,0.4574876157636226243817114183
2023-04-24 00:00:00+00:00,2,BEAR,0.9999948139882558,True,1,False,BULL_STRUCTURE,BULL_STRUCTURE,1.0,0.4567699920743735092581546880,0.4567699920743735092581546880
2023-04-25 00:00:00+00:00,2,BEAR,0.9998937686827819,True,2,False,BULL_STRUCTURE,BULL_STRUCTURE,1.0,0.4638018122441616941914501908,0.4638018122441616941914501908
2023-04-26 00:00:00+00:00,2,BEAR,0.5880278734222761,True,3,False,BULL_STRUCTURE,BULL_STRUCTURE,1.0,0.4648060823571021061808992030,0.4648060823571021061808992030
2023-04-27 00:00:00+00:00,2,BEAR,0.18554234105587206,False,3,False,BULL_STRUCTURE,BULL_STRUCTURE,1.0,0.4739063657925351821665867887,0.4739063657925351821665867887
2023-04-28 00:00:00+00:00,2,BEAR,0.006153945608728711,False,3,False,BULL_STRUCTURE,BULL_STRUCTURE,1.0,0.4725402876589951658725923693,0.4725402876589951658725923693
2023-04-29 00:00:00+00:00,2,BEAR,0.0265375179198328,False,3,False,BULL_STRUCTURE,BULL_STRUCTURE,1.0,0.4718484889765780273923692137,0.4718484889765780273923692137
2023-04-30 00:00:00+00:00,2,BEAR,0.034552648424509794,False,3,False,BULL_STRUCTURE,BULL_STRUCTURE,1.0,0.4718720186190023627150006566,0.4718720186190023627150006566
2023-05-01 00:00:00+00:00,1,BULL,0.5713099642097113,True,3,False,BULL_STRUCTURE,BULL_STRUCTURE,1.0,0.95,0.95
2023-05-02 00:00:00+00:00,1,BULL,0.11172396256369212,False,3,False,BULL_STRUCTURE,BULL_STRUCTURE,1.0,0.475,0.475
2023-05-03 00:00:00+00:00,1,BULL,0.049945972382259896,False,3,False,BULL_STRUCTURE,BULL_STRUCTURE,1.0,0.4783748293976670682309609185,0.4783748293976670682309609185
2023-05-04 00:00:00+00:00,2,BEAR,0.8594778704769346,True,3,False,BULL_STRUCTURE,BULL_STRUCTURE,1.0,0.4767536061277789800828444343,0.4767536061277789800828444343
2023-05-05 00:00:00+00:00,2,BEAR,0.8613240827238902,True,4,False,BULL_STRUCTURE,BULL_STRUCTURE,1.0,0.4824642559127985887506702667,0.4824642559127985887506702667
2023-05-06 00:00:00+00:00,2,BEAR,0.9547777537994058,True,5,False,BULL_STRUCTURE,BULL_STRUCTURE,1.0,0.4768404410295704425813773092,0.4768404410295704425813773092
2023-05-07 00:00:00+00:00,2,BEAR,0.9801502182473923,True,6,False,BULL_STRUCTURE,BULL_STRUCTURE,1.0,0.4731997780511008353225335342,0.4731997780511008353225335342
2023-05-08 00:00:00+00:00,2,BEAR,0.999823279770152,True,7,False,BULL_STRUCTURE,BULL_STRUCTURE,1.0,0.4664387622530795466412208623,0.4664387622530795466412208623
2023-05-09 00:00:00+00:00,2,BEAR,0.9999264458073824,True,8,False,BULL_STRUCTURE,BULL_STRUCTURE,1.0,0.4660740461524606791730024317,0.4660740461524606791730024317
2023-05-10 00:00:00+00:00,2,BEAR,0.9999814003187469,True,9,False,BULL_STRUCTURE,BULL_STRUCTURE,1.0,0.4658080257538385422069857731,0.4658080257538385422069857731
2023-05-11 00:00:00+00:00,2,BEAR,0.9999421806782677,True,10,False,BULL_STRUCTURE,BULL_STRUCTURE,1.0,0.4600656892713722671760414985,0.4600656892713722671760414985
2023-05-12 00:00:00+00:00,2,BEAR,0.9999468992857088,True,11,False,BULL_STRUCTURE,BULL_STRUCTURE,1.0,0.4584618349155305297525631226,0.4584618349155305297525631226
2023-05-13 00:00:00+00:00,2,BEAR,0.8487100962418034,True,12,False,BULL_STRUCTURE,BULL_STRUCTURE,1.0,0.4582789608782255188170000191,0.4582789608782255188170000191
2023-05-14 00:00:00+00:00,2,BEAR,0.7739772716657869,True,13,False,BULL_STRUCTURE,BULL_STRUCTURE,1.0,0.4595955243375851793281995469,0.4595955243375851793281995469
2023-05-15 00:00:00+00:00,2,BEAR,0.9279249969153522,True,14,False,BULL_STRUCTURE,BULL_STRUCTURE,1.0,0.4618423173504080589884592930,0.4618423173504080589884592930
2023-05-16 00:00:00+00:00,2,BEAR,0.14317508094576123,False,14,False,BULL_STRUCTURE,BULL_STRUCTURE,1.0,0.4606657565032526923947877705,0.4606657565032526923947877705
2023-05-17 00:00:00+00:00,2,BEAR,0.007006501853770108,False,14,False,BULL_STRUCTURE,BULL_STRUCTURE,1.0,0.4640609764466942534138819085,0.4640609764466942534138819085
2023-05-18 00:00:00+00:00,0,NEUTRAL,0.8284800916619357,True,3,False,BULL_STRUCTURE,BULL_STRUCTURE,1.0,0.95,0.95
2023-05-19 00:00:00+00:00,0,NEUTRAL,0.8693993647495537,True,4,False,BULL_STRUCTURE,BULL_STRUCTURE,1.0,0.9507095135860885331755518838,0.9507095135860885331755518838
2023-05-20 00:00:00+00:00,0,NEUTRAL,0.798301010478603,True,5,False,BULL_STRUCTURE,BULL_STRUCTURE,1.0,0.9510938076195171098794294414,0.9510938076195171098794294414
2023-05-21 00:00:00+00:00,0,NEUTRAL,0.11220594556720927,False,5,False,BULL_STRUCTURE,BULL_STRUCTURE,1.0,0.475,0.475
2023-05-22 00:00:00+00:00,0,NEUTRAL,0.0004533310703260073,False,5,False,BULL_STRUCTURE,BULL_STRUCTURE,1.0,0.4762377035489336091594074769,0.4762377035489336091594074769
2023-05-23 00:00:00+00:00,2,BEAR,0.9304352996953387,True,3,False,BULL_STRUCTURE,BULL_STRUCTURE,1.0,0.4796557868642415502944765225,0.4796557868642415502944765225
2023-05-24 00:00:00+00:00,2,BEAR,0.9999647840002625,True,4,False,BULL_STRUCTURE,BULL_STRUCTURE,1.0,0.4713593611869588771753396985,0.4713593611869588771753396985
2023-05-25 00:00:00+00:00,2,BEAR,0.9999839523348589,True,5,False,BULL_STRUCTURE,BULL_STRUCTURE,1.0,0.4727260275748269715678793279,0.4727260275748269715678793279
2023-05-26 00:00:00+00:00,2,BEAR,0.9999570173215114,True,6,False,BULL_STRUCTURE,BULL_STRUCTURE,1.0,0.4749025571346269481322170411,0.4749025571346269481322170411
2023-05-27 00:00:00+00:00,2,BEAR,0.999927359094761,True,7,False,BULL_STRUCTURE,BULL_STRUCTURE,1.0,0.4762841504790527585433771355,0.4762841504790527585433771355
2023-05-28 00:00:00+00:00,2,BEAR,0.9999696269784829,True,8,False,BULL_STRUCTURE,BULL_STRUCTURE,1.0,0.4872936798189843783471404698,0.4872936798189843783471404698
2023-05-29 00:00:00+00:00,2,BEAR,0.9684487105465297,True,9,False,BULL_STRUCTURE,BULL_STRUCTURE,1.0,0.4843516509989794650082604832,0.4843516509989794650082604832
2023-05-30 00:00:00+00:00,2,BEAR,0.7847759398686793,True,10,False,BULL_STRUCTURE,BULL_STRUCTURE,1.0,0.4839731803046093579883469762,0.4839731803046093579883469762
2023-05-31 00:00:00+00:00,2,BEAR,0.9769924463766719,True,11,False,BULL_STRUCTURE,BULL_STRUCTURE,1.0,0.4795708648320349176289084468,0.4795708648320349176289084468
2023-06-01 00:00:00+00:00,2,BEAR,0.9992501880857638,True,12,False,BULL_STRUCTURE,BULL_STRUCTURE,1.0,0.4759463864306744014947755375,0.4759463864306744014947755375
2023-06-02 00:00:00+00:00,2,BEAR,0.9983033136631505,True,13,False,BULL_STRUCTURE,BULL_STRUCTURE,1.0,0.4798664132196397800166086587,0.4798664132196397800166086587
2023-06-03 00:00:00+00:00,2,BEAR,0.7732638051775715,True,14,False,BULL_STRUCTURE,BULL_STRUCTURE,1.0,0.4782731442378970528828150109,0.4782731442378970528828150109
2023-06-04 00:00:00+00:00,2,BEAR,0.4887353021975917,False,14,False,BULL_STRUCTURE,BULL_STRUCTURE,1.0,0.4786967424338926761229283649,0.4786967424338926761229283649
2023-06-05 00:00:00+00:00,2,BEAR,0.9999360368436135,True,15,False,BULL_STRUCTURE,BULL_STRUCTURE,1.0,0.4656114251845514748403335386,0.4656114251845514748403335386
2023-06-06 00:00:00+00:00,2,BEAR,0.999933071628393,True,16,False,BULL_STRUCTURE,BULL_STRUCTURE,1.0,0.4797517722426077484111561126,0.4797517722426077484111561126
2023-06-07 00:00:00+00:00,2,BEAR,0.9997820946034309,True,17,False,BULL_STRUCTURE,BULL_STRUCTURE,1.0,0.4714571070006212326714382754,0.4714571070006212326714382754
2023-06-08 00:00:00+00:00,2,BEAR,0.9998904979574371,True,18,False,BULL_STRUCTURE,BULL_STRUCTURE,1.0,0.4729596094128450754824362966,0.4729596094128450754824362966
2023-06-09 00:00:00+00:00,2,BEAR,0.9999064072371261,True,19,False,BULL_STRUCTURE,BULL_STRUCTURE,1.0,0.4727638739777251879675972223,0.4727638739777251879675972223
2023-06-10 00:00:00+00:00,2,BEAR,0.9991075603396878,True,20,False,BULL_STRUCTURE,BULL_STRUCTURE,1.0,0.4667021142576656094578282683,0.4667021142576656094578282683
2023-06-11 00:00:00+00:00,2,BEAR,0.9999986997494756,True,21,False,BULL_STRUCTURE,BULL_STRUCTURE,1.0,0.4675132048460675886403456464,0.4675132048460675886403456464
2023-06-12 00:00:00+00:00,2,BEAR,0.9990964035167402,True,22,False,BULL_STRUCTURE,BULL_STRUCTURE,1.0,0.4673176304489918410797413516,0.4673176304489918410797413516
2023-06-13 00:00:00+00:00,2,BEAR,0.9999818698081153,True,23,False,BULL_STRUCTURE,BULL_STRUCTURE,1.0,0.4675967316509697207819753849,0.4675967316509697207819753849
2023-06-14 00:00:00+00:00,2,BEAR,0.9997565326796581,True,24,False,BULL_STRUCTURE,BULL_STRUCTURE,1.0,0.4597490803020322889836143486,0.4597490803020322889836143486
2023-06-15 00:00:00+00:00,2,BEAR,0.99986857974438,True,25,False,BULL_STRUCTURE,BULL_STRUCTURE,1.0,0.4643540481850450539236058710,0.4643540481850450539236058710
2023-06-16 00:00:00+00:00,2,BEAR,0.9998495439723044,True,26,False,BULL_STRUCTURE,BULL_STRUCTURE,1.0,0.4715106484311948669809465524,0.4715106484311948669809465524
2023-06-17 00:00:00+00:00,2,BEAR,0.99925822034056,True,27,False,BULL_STRUCTURE,BULL_STRUCTURE,1.0,0.4731324508694791397645063197,0.4731324508694791397645063197
2023-06-18 00:00:00+00:00,2,BEAR,0.9985549510518282,True,28,False,BULL_STRUCTURE,BULL_STRUCTURE,1.0,0.4714630670957032630469483319,0.4714630670957032630469483319
2023-06-19 00:00:00+00:00,2,BEAR,0.9933374522178658,True,29,False,BULL_STRUCTURE,BULL_STRUCTURE,1.0,0.4761919917271609815778830304,0.4761919917271609815778830304
2023-06-20 00:00:00+00:00,2,BEAR,0.9999685549288241,True,30,False,BULL_STRUCTURE,BULL_STRUCTURE,1.0,0.4894477227303749164693564133,0.4894477227303749164693564133
2023-06-21 00:00:00+00:00,2,BEAR,0.9945508993423839,True,31,False,BULL_STRUCTURE,BULL_STRUCTURE,1.0,0.5039084753546760293377511350,0.5039084753546760293377511350
2023-06-22 00:00:00+00:00,2,BEAR,0.9974892282599918,True,32,False,BULL_STRUCTURE,BULL_STRUCTURE,1.0,0.5029985967890212154580383458,0.5029985967890212154580383458
2023-06-23 00:00:00+00:00,2,BEAR,0.9867691764782962,True,33,False,BULL_STRUCTURE,BULL_STRUCTURE,1.0,0.5096309379436871694024085621,0.5096309379436871694024085621
2023-06-24 00:00:00+00:00,2,BEAR,0.9659535891036606,True,34,False,BULL_STRUCTURE,BULL_STRUCTURE,1.0,0.5083157704662663900685488206,0.5083157704662663900685488206
2023-06-25 00:00:00+00:00,2,BEAR,0.4475554041819199,False,34,False,BULL_STRUCTURE,BULL_STRUCTURE,1.0,0.25,0.25
2023-06-26 00:00:00+00:00,2,BEAR,0.0001606312002581149,False,34,False,BULL_STRUCTURE,BULL_STRUCTURE,1.0,0.2488827503304831674441111219,0.2488827503304831674441111219
2023-06-27 00:00:00+00:00,1,BULL,0.9999949064888486,True,3,False,BULL_STRUCTURE,BULL_STRUCTURE,1.0,0.95,0.95
2023-06-28 00:00:00+00:00,1,BULL,0.9999838297796937,True,4,False,BULL_STRUCTURE,BULL_STRUCTURE,1.0,0.9499087478051853403031013926,0.9499087478051853403031013926
2023-06-29 00:00:00+00:00,1,BULL,0.9999968676460358,True,5,False,BULL_STRUCTURE,BULL_STRUCTURE,1.0,0.9504871681351304931044337062,0.9504871681351304931044337062
2023-06-30 00:00:00+00:00,1,BULL,0.48710289694182096,False,5,False,BULL_STRUCTURE,BULL_STRUCTURE,1.0,0.475,0.475
2023-07-01 00:00:00+00:00,1,BULL,0.9999784407732752,True,6,False,BULL_STRUCTURE,BULL_STRUCTURE,1.0,0.95,0.95
2023-07-02 00:00:00+00:00,1,BULL,0.9999981459872195,True,7,False,BULL_STRUCTURE,BULL_STRUCTURE,1.0,0.9506325385143797553591847118,0.9506325385143797553591847118
2023-07-03 00:00:00+00:00,1,BULL,0.9999983613788356,True,8,False,BULL_STRUCTURE,BULL_STRUCTURE,1.0,0.9514453800623338010138850263,0.9514453800623338010138850263
2023-07-04 00:00:00+00:00,1,BULL,0.9999978058368895,True,9,False,BULL_STRUCTURE,BULL_STRUCTURE,1.0,0.9508606055434222479863305011,0.9508606055434222479863305011
2023-07-05 00:00:00+00:00,1,BULL,0.999992491275403,True,10,False,BULL_STRUCTURE,BULL_STRUCTURE,1.0,0.9504599243040382894989485781,0.9504599243040382894989485781
2023-07-06 00:00:00+00:00,1,BULL,0.9495358719404816,True,11,False,BULL_STRUCTURE,BULL_STRUCTURE,1.0,0.9495011077278438895353814959,0.9495011077278438895353814959
2023-07-07 00:00:00+00:00,1,BULL,0.9999293713345065,True,12,False,BULL_STRUCTURE,BULL_STRUCTURE,1.0,0.9502115466169243352101914762,0.9502115466169243352101914762
2023-07-08 00:00:00+00:00,1,BULL,0.9999595816740365,True,13,False,BULL_STRUCTURE,BULL_STRUCTURE,1.0,0.9501177166826921978165056478,0.9501177166826921978165056478
2023-07-09 00:00:00+00:00,1,BULL,0.9999643238540911,True,14,False,BULL_STRUCTURE,BULL_STRUCTURE,1.0,0.9499230307438492159827757296,0.9499230307438492159827757296
2023-07-10 00:00:00+00:00,1,BULL,0.9999903237157689,True,15,False,BULL_STRUCTURE,BULL_STRUCTURE,1.0,0.9503155838920237336754919618,0.9503155838920237336754919618
2023-07-11 00:00:00+00:00,1,BULL,0.9999847108088141,True,16,False,BULL_STRUCTURE,BULL_STRUCTURE,1.0,0.9506403086752453975203273331,0.9506403086752453975203273331
2023-07-12 00:00:00+00:00,1,BULL,0.9999774917155474,True,17,False,BULL_STRUCTURE,BULL_STRUCTURE,1.0,0.9502665210805068531473194370,0.9502665210805068531473194370
2023-07-13 00:00:00+00:00,1,BULL,0.8730488808253916,True,18,False,BULL_STRUCTURE,BULL_STRUCTURE,1.0,0.9518833004771747044158565855,0.9518833004771747044158565855
2023-07-14 00:00:00+00:00,1,BULL,0.011150620484627503,False,18,False,BULL_STRUCTURE,BULL_STRUCTURE,1.0,0.475,0.475
2023-07-15 00:00:00+00:00,1,BULL,0.07859206254032605,False,18,False,BULL_STRUCTURE,BULL_STRUCTURE,1.0,0.4751078095181320655385939081,0.4751078095181320655385939081
2023-07-16 00:00:00+00:00,4,CRASH,0.8692073804951517,True,3,False,BULL_STRUCTURE,BULL_STRUCTURE,1.0,0.4746337243777292478605546077,0.4746337243777292478605546077
2023-07-17 00:00:00+00:00,4,CRASH,0.8999119483439127,True,4,False,BULL_STRUCTURE,BULL_STRUCTURE,1.0,0.4738573395782610976976525222,0.4738573395782610976976525222
2023-07-18 00:00:00+00:00,4,CRASH,0.28347346808688456,False,4,False,BULL_STRUCTURE,BULL_STRUCTURE,1.0,0.4715402281839688996569877440,0.4715402281839688996569877440
2023-07-19 00:00:00+00:00,4,CRASH,5.124480005202816e-09,False,4,False,BULL_STRUCTURE,BULL_STRUCTURE,1.0,0.4719578416724065643182491617,0.4719578416724065643182491617
2023-07-20 00:00:00+00:00,1,BULL,0.9973847053539251,True,3,False,BULL_STRUCTURE,BULL_STRUCTURE,1.0,0.95,0.95
2023-07-21 00:00:00+00:00,1,BULL,0.9976567048565685,True,4,False,BULL_STRUCTURE,BULL_STRUCTURE,1.0,0.9507514785265240760873061854,0.9507514785265240760873061854
2023-07-22 00:00:00+00:00,1,BULL,0.9969436299691041,True,5,False,BULL_STRUCTURE,BULL_STRUCTURE,1.0,0.9505822200549057703255132615,0.9505822200549057703255132615
2023-07-23 00:00:00+00:00,1,BULL,0.9993696699449172,True,6,False,BULL_STRUCTURE,BULL_STRUCTURE,1.0,0.9510348790445596362765024202,0.9510348790445596362765024202
2023-07-24 00:00:00+00:00,1,BULL,0.8294804726672587,True,7,False,BULL_STRUCTURE,BULL_STRUCTURE,1.0,0.9495890520982222613180424116,0.9495890520982222613180424116
2023-07-25 00:00:00+00:00,1,BULL,0.8587797006898233,True,8,False,BULL_STRUCTURE,BULL_STRUCTURE,1.0,0.9496748944012462645369045049,0.9496748944012462645369045049
2023-07-26 00:00:00+00:00,1,BULL,0.15848838353804576,False,8,False,BULL_STRUCTURE,BULL_STRUCTURE,1.0,0.475,0.475
2023-07-27 00:00:00+00:00,1,BULL,0.01930694899261083,False,8,False,BULL_STRUCTURE,BULL_STRUCTURE,1.0,0.4741930942905817920826215935,0.4741930942905817920826215935
2023-07-28 00:00:00+00:00,2,BEAR,0.9979092809877146,True,3,False,BULL_STRUCTURE,BULL_STRUCTURE,1.0,0.4749714403221689452274942959,0.4749714403221689452274942959
2023-07-29 00:00:00+00:00,2,BEAR,0.19867495688288297,False,3,False,BULL_STRUCTURE,BULL_STRUCTURE,1.0,0.4753009622919594870920974078,0.4753009622919594870920974078
2023-07-30 00:00:00+00:00,2,BEAR,0.024632111061063833,False,3,False,BULL_STRUCTURE,BULL_STRUCTURE,1.0,0.4746901353820075981905614022,0.4746901353820075981905614022
2023-07-31 00:00:00+00:00,0,NEUTRAL,0.9873913887369368,True,3,False,BULL_STRUCTURE,BULL_STRUCTURE,1.0,0.95,0.95
2023-08-01 00:00:00+00:00,0,NEUTRAL,0.9807925718982838,True,4,False,BULL_STRUCTURE,BULL_STRUCTURE,1.0,0.9513371109203069687623973383,0.9513371109203069687623973383
2023-08-02 00:00:00+00:00,0,NEUTRAL,0.9056097369093451,True,5,False,BULL_STRUCTURE,BULL_STRUCTURE,1.0,0.9505130337587590903861614610,0.9505130337587590903861614610
2023-08-03 00:00:00+00:00,0,NEUTRAL,0.9284562583143537,True,6,False,BULL_STRUCTURE,BULL_STRUCTURE,1.0,0.9505253276909630234647561574,0.9505253276909630234647561574
2023-08-04 00:00:00+00:00,0,NEUTRAL,0.9817020784326774,True,7,False,BULL_STRUCTURE,BULL_STRUCTURE,1.0,0.9503966889168836612374719471,0.9503966889168836612374719471
2023-08-05 00:00:00+00:00,0,NEUTRAL,0.9922750291447822,True,8,False,BULL_STRUCTURE,BULL_STRUCTURE,1.0,0.9503288143710479288225244613,0.9503288143710479288225244613
2023-08-06 00:00:00+00:00,0,NEUTRAL,0.9972237213811415,True,9,False,BULL_STRUCTURE,BULL_STRUCTURE,1.0,0.9503552501101344381199379709,0.9503552501101344381199379709
2023-08-07 00:00:00+00:00,0,NEUTRAL,0.9999387330064311,True,10,False,BULL_STRUCTURE,BULL_STRUCTURE,1.0,0.9505533730024270960367049301,0.9505533730024270960367049301
2023-08-08 00:00:00+00:00,0,NEUTRAL,0.9998000264211934,True,11,False,BULL_STRUCTURE,BULL_STRUCTURE,1.0,0.9514373140389974412582041740,0.9514373140389974412582041740
2023-08-09 00:00:00+00:00,0,NEUTRAL,0.999966530080537,True,12,False,BULL_STRUCTURE,BULL_STRUCTURE,1.0,0.9511430946964626597417692134,0.9511430946964626597417692134
2023-08-10 00:00:00+00:00,0,NEUTRAL,0.9999790538970071,True,13,False,BULL_STRUCTURE,BULL_STRUCTURE,1.0,0.9509439779498848569446143642,0.9509439779498848569446143642
2023-08-11 00:00:00+00:00,0,NEUTRAL,0.9999775122582968,True,14,False,BULL_STRUCTURE,BULL_STRUCTURE,1.0,0.9508968647203402829299807290,0.9508968647203402829299807290
2023-08-12 00:00:00+00:00,0,NEUTRAL,0.9999025686025592,True,15,False,BULL_STRUCTURE,BULL_STRUCTURE,1.0,0.9509034330237930320317143453,0.9509034330237930320317143453
2023-08-13 00:00:00+00:00,0,NEUTRAL,0.9999348160445019,True,16,False,BULL_STRUCTURE,BULL_STRUCTURE,1.0,0.9507022100370861882653423047,0.9507022100370861882653423047
2023-08-14 00:00:00+00:00,0,NEUTRAL,0.9994316030272389,True,17,False,BULL_STRUCTURE,BULL_STRUCTURE,1.0,0.9509046386084106721139261237,0.9509046386084106721139261237
2023-08-15 00:00:00+00:00,0,NEUTRAL,0.9998754493885739,True,18,False,BULL_STRUCTURE,BULL_STRUCTURE,1.0,0.9505355706530237173665067463,0.9505355706530237173665067463
2023-08-16 00:00:00+00:00,0,NEUTRAL,0.991124365242069,True,19,False,BULL_STRUCTURE,BULL_STRUCTURE,1.0,0.9497678672131980272034013555,0.9497678672131980272034013555
2023-08-17 00:00:00+00:00,0,NEUTRAL,7.921189313992341e-25,False,19,False,TRANSITION,BULL_STRUCTURE,0.6,0.475,0.475
2023-08-18 00:00:00+00:00,0,NEUTRAL,5.394551240557305e-27,False,19,False,TRANSITION,BULL_STRUCTURE,0.6,0.4699018446060475206737716288,0.4699018446060475206737716288
2023-08-19 00:00:00+00:00,2,BEAR,0.9976283758055121,True,3,False,TRANSITION,BULL_STRUCTURE,0.6,0.4703413670223168879267257671,0.4703413670223168879267257671
2023-08-20 00:00:00+00:00,2,BEAR,0.9937265754665916,True,4,False,TRANSITION,BULL_STRUCTURE,0.6,0.4711988211726621557224680123,0.4711988211726621557224680123
2023-08-21 00:00:00+00:00,2,BEAR,0.872803394005609,True,5,False,TRANSITION,TRANSITION,0.6,0.4705980941143658183401356939,0.4705980941143658183401356939
2023-08-22 00:00:00+00:00,2,BEAR,0.9404438649142102,True,6,False,TRANSITION,TRANSITION,0.6,0.4699209652874168640306722196,0.4699209652874168640306722196
2023-08-23 00:00:00+00:00,2,BEAR,0.24816031386166743,False,6,False,TRANSITION,TRANSITION,0.6,0.4734981032743075098774426582,0.4734981032743075098774426582
2023-08-24 00:00:00+00:00,2,BEAR,0.008371910635549403,False,6,False,TRANSITION,TRANSITION,0.6,0.4711042355044778673941087805,0.4711042355044778673941087805
2023-08-25 00:00:00+00:00,4,CRASH,0.9534556894908645,True,3,False,TRANSITION,TRANSITION,0.6,0.4699592980984968260016089859,0.4699592980984968260016089859
2023-08-26 00:00:00+00:00,4,CRASH,0.055552672088839176,False,3,False,TRANSITION,TRANSITION,0.6,0.4695514051778820875128319142,0.4695514051778820875128319142
2023-08-27 00:00:00+00:00,4,CRASH,7.703921769433178e-08,False,3,False,TRANSITION,TRANSITION,0.6,0.4703581654042925299707785991,0.4703581654042925299707785991
2023-08-28 00:00:00+00:00,1,BULL,0.9999999994188329,True,3,False,TRANSITION,TRANSITION,0.6,0.95,0.6
2023-08-29 00:00:00+00:00,1,BULL,0.5558140311857432,True,4,False,TRANSITION,TRANSITION,0.6,0.95,0.6
2023-08-30 00:00:00+00:00,1,BULL,0.984084785904181,True,5,False,TRANSITION,TRANSITION,0.6,0.95,0.6
2023-08-31 00:00:00+00:00,1,BULL,0.03613933062879161,False,5,False,TRANSITION,TRANSITION,0.6,0.5876851505355399469269975943,0.5876851505355399469269975943
2023-09-01 00:00:00+00:00,1,BULL,0.009559765016563936,False,5,False,TRANSITION,TRANSITION,0.6,0.5864133939314468116079313847,0.5864133939314468116079313847
2023-09-02 00:00:00+00:00,1,BULL,0.5012165105238882,True,6,False,TRANSITION,TRANSITION,0.6,0.5870183449856286126665906527,0.5870183449856286126665906527
2023-09-03 00:00:00+00:00,1,BULL,0.996808462342277,True,7,False,TRANSITION,TRANSITION,0.6,0.95,0.6
2023-09-04 00:00:00+00:00,1,BULL,0.9992015758226742,True,8,False,TRANSITION,TRANSITION,0.6,0.95,0.6
2023-09-05 00:00:00+00:00,1,BULL,0.9860518401616873,True,9,False,TRANSITION,TRANSITION,0.6,0.95,0.6
2023-09-06 00:00:00+00:00,1,BULL,0.2448619104503396,False,9,False,TRANSITION,TRANSITION,0.6,0.5997007627635019697356072310,0.5997007627635019697356072310
2023-09-07 00:00:00+00:00,1,BULL,0.0015158237914267797,False,9,False,TRANSITION,TRANSITION,0.6,0.6042616235687293999744089264,0.6
2023-09-08 00:00:00+00:00,2,BEAR,0.9999515945143407,True,3,False,TRANSITION,TRANSITION,0.6,0.5968290087129801563496340211,0.5968290087129801563496340211
2023-09-09 00:00:00+00:00,2,BEAR,0.9999985143888019,True,4,False,TRANSITION,TRANSITION,0.6,0.5967464326621616089632554348,0.5967464326621616089632554348
2023-09-10 00:00:00+00:00,2,BEAR,0.9999046563223848,True,5,False,TRANSITION,TRANSITION,0.6,0.5961882282085770204443633350,0.5961882282085770204443633350
2023-09-11 00:00:00+00:00,2,BEAR,0.9974304153967851,True,6,False,TRANSITION,TRANSITION,0.6,0.5897609340208245218428459079,0.5897609340208245218428459079
2023-09-12 00:00:00+00:00,2,BEAR,0.9962443538980762,True,7,False,TRANSITION,TRANSITION,0.6,0.5961741601269022346293533549,0.5961741601269022346293533549
2023-09-13 00:00:00+00:00,2,BEAR,0.9999529222900201,True,8,False,TRANSITION,TRANSITION,0.6,0.5997012204135145328676661873,0.5997012204135145328676661873
2023-09-14 00:00:00+00:00,2,BEAR,0.9999775107844937,True,9,False,TRANSITION,TRANSITION,0.6,0.6024355659780206055697280342,0.6
2023-09-15 00:00:00+00:00,2,BEAR,0.9999557088885824,True,10,False,TRANSITION,TRANSITION,0.6,0.6006993166081977987423555842,0.6
2023-09-16 00:00:00+00:00,2,BEAR,0.9998082930019097,True,11,False,TRANSITION,TRANSITION,0.6,0.5996356293633089768695800562,0.5996356293633089768695800562
2023-09-17 00:00:00+00:00,2,BEAR,0.9786961340927438,True,12,False,TRANSITION,TRANSITION,0.6,0.5993447240447438759732240890,0.5993447240447438759732240890
2023-09-18 00:00:00+00:00,2,BEAR,0.9724108362984478,True,13,False,TRANSITION,TRANSITION,0.6,0.6014607411341577361252734692,0.6
2023-09-19 00:00:00+00:00,2,BEAR,0.9998644583459042,True,14,False,TRANSITION,TRANSITION,0.6,0.6039757634940257654502331553,0.6
2023-09-20 00:00:00+00:00,2,BEAR,0.9999862951733642,True,15,False,TRANSITION,TRANSITION,0.6,0.5992492620809808521059553077,0.5992492620809808521059553077
2023-09-21 00:00:00+00:00,2,BEAR,0.9997764539175117,True,16,False,TRANSITION,TRANSITION,0.6,0.5942571834758071943916131188,0.5942571834758071943916131188
2023-09-22 00:00:00+00:00,2,BEAR,0.9999959092680908,True,17,False,TRANSITION,TRANSITION,0.6,0.5943666031159569451618914921,0.5943666031159569451618914921
2023-09-23 00:00:00+00:00,2,BEAR,0.9999846504147437,True,18,False,TRANSITION,TRANSITION,0.6,0.5943286849156469329276072660,0.5943286849156469329276072660
2023-09-24 00:00:00+00:00,2,BEAR,0.9999217272464401,True,19,False,TRANSITION,TRANSITION,0.6,0.5913348856699225616468754077,0.5913348856699225616468754077
2023-09-25 00:00:00+00:00,2,BEAR,0.999948708063022,True,20,False,TRANSITION,TRANSITION,0.6,0.5918537536289858962454261772,0.5918537536289858962454261772
2023-09-26 00:00:00+00:00,2,BEAR,0.9667747275930507,True,21,False,TRANSITION,TRANSITION,0.6,0.5910888297272064874703684536,0.5910888297272064874703684536
2023-09-27 00:00:00+00:00,2,BEAR,0.9902648728159112,True,22,False,TRANSITION,TRANSITION,0.6,0.5924789066393136899984611202,0.5924789066393136899984611202
2023-09-28 00:00:00+00:00,2,BEAR,0.9997258965315217,True,23,False,TRANSITION,TRANSITION,0.6,0.5983298525734442679662101683,0.5983298525734442679662101683
2023-09-29 00:00:00+00:00,2,BEAR,0.9526025529020785,True,24,False,TRANSITION,TRANSITION,0.6,0.5973095141230832267840908160,0.5973095141230832267840908160
2023-09-30 00:00:00+00:00,2,BEAR,0.8326570246083657,True,25,False,TRANSITION,TRANSITION,0.6,0.5978059295327637232747104591,0.5978059295327637232747104591
2023-10-01 00:00:00+00:00,2,BEAR,0.999671066010969,True,26,False,TRANSITION,TRANSITION,0.6,0.6067857930430568990415091184,0.6
2023-10-02 00:00:00+00:00,2,BEAR,0.9997068305004587,True,27,False,TRANSITION,TRANSITION,0.6,0.5956888055835946347762642450,0.5956888055835946347762642450
2023-10-03 00:00:00+00:00,2,BEAR,0.9981195774261542,True,28,False,TRANSITION,TRANSITION,0.6,0.5950918278592141965621282344,0.5950918278592141965621282344
2023-10-04 00:00:00+00:00,2,BEAR,0.9715634717282957,True,29,False,TRANSITION,TRANSITION,0.6,0.5981618657706041481703496131,0.5981618657706041481703496131
2023-10-05 00:00:00+00:00,2,BEAR,0.9437955441616798,True,30,False,TRANSITION,TRANSITION,0.6,0.5949505942340435998806877347,0.5949505942340435998806877347
2023-10-06 00:00:00+00:00,2,BEAR,0.1467883889667857,False,30,False,TRANSITION,TRANSITION,0.6,0.25,0.25
2023-10-07 00:00:00+00:00,2,BEAR,0.636498708440415,True,31,False,TRANSITION,TRANSITION,0.6,0.2502852640654204699169586127,0.2502852640654204699169586127
2023-10-08 00:00:00+00:00,2,BEAR,0.9344676872457266,True,32,False,TRANSITION,TRANSITION,0.6,0.2500192439781711079438946162,0.2500192439781711079438946162
2023-10-09 00:00:00+00:00,2,BEAR,0.899333345441441,True,33,False,TRANSITION,TRANSITION,0.6,0.50,0.50
2023-10-10 00:00:00+00:00,2,BEAR,0.9167790109473823,True,34,False,TRANSITION,TRANSITION,0.6,0.4983450518936083902206186208,0.4983450518936083902206186208
2023-10-11 00:00:00+00:00,2,BEAR,0.9584761044795068,True,35,False,TRANSITION,TRANSITION,0.6,0.4936037624614020373168546192,0.4936037624614020373168546192
2023-10-12 00:00:00+00:00,2,BEAR,0.9999975915517907,True,36,False,TRANSITION,TRANSITION,0.6,0.4925236141611001010402136923,0.4925236141611001010402136923
2023-10-13 00:00:00+00:00,2,BEAR,0.9999982504611423,True,37,False,TRANSITION,TRANSITION,0.6,0.4934779868024208664052101831,0.4934779868024208664052101831
2023-10-14 00:00:00+00:00,2,BEAR,0.9997307594305492,True,38,False,TRANSITION,TRANSITION,0.6,0.4933893853843373293862536805,0.4933893853843373293862536805
2023-10-15 00:00:00+00:00,2,BEAR,0.996826025087718,True,39,False,TRANSITION,TRANSITION,0.6,0.4961820012559385908111867595,0.4961820012559385908111867595
2023-10-16 00:00:00+00:00,2,BEAR,0.8462514295032637,True,40,False,TRANSITION,TRANSITION,0.6,0.5082815611360974879013940612,0.5082815611360974879013940612
2023-10-17 00:00:00+00:00,2,BEAR,0.9961677444851997,True,41,False,TRANSITION,TRANSITION,0.6,0.5073602032238233501291896892,0.5073602032238233501291896892
2023-10-18 00:00:00+00:00,2,BEAR,0.9981049104003651,True,42,False,TRANSITION,TRANSITION,0.6,0.5066911224814811673258362424,0.5066911224814811673258362424
2023-10-19 00:00:00+00:00,2,BEAR,0.9897410305549037,True,43,False,BULL_STRUCTURE,TRANSITION,0.6,0.5101417408257921592426295887,0.5101417408257921592426295887
2023-10-20 00:00:00+00:00,2,BEAR,0.3229021618924135,False,43,False,BULL_STRUCTURE,TRANSITION,0.6,0.25,0.25
2023-10-21 00:00:00+00:00,2,BEAR,0.023018192042433026,False,43,False,BULL_STRUCTURE,TRANSITION,0.6,0.2516053441248672286498346997,0.2516053441248672286498346997
2023-10-22 00:00:00+00:00,2,BEAR,9.373086758775966e-05,False,43,False,BULL_STRUCTURE,TRANSITION,0.6,0.2521253767017077288568900108,0.2521253767017077288568900108
2023-10-23 00:00:00+00:00,2,EUPHORIA,1.0,True,1,False,BULL_STRUCTURE,BULL_STRUCTURE,1.0,0.2709854325141399153132265053,0.2709854325141399153132265053
2023-10-24 00:00:00+00:00,2,EUPHORIA,0.9770156725885006,True,2,False,BULL_STRUCTURE,BULL_STRUCTURE,1.0,0.2760441519931308557473424109,0.2760441519931308557473424109
2023-10-25 00:00:00+00:00,2,EUPHORIA,0.9999949286513029,True,3,False,BULL_STRUCTURE,BULL_STRUCTURE,1.0,0.2794059800795402595038526384,0.2794059800795402595038526384
2023-10-26 00:00:00+00:00,2,EUPHORIA,0.9666692445420005,True,4,False,BULL_STRUCTURE,BULL_STRUCTURE,1.0,0.2773903044493657203950331065,0.2773903044493657203950331065
2023-10-27 00:00:00+00:00,2,EUPHORIA,0.4498018295504995,False,4,False,BULL_STRUCTURE,BULL_STRUCTURE,1.0,0.2758631896560286638386518838,0.2758631896560286638386518838
2023-10-28 00:00:00+00:00,2,EUPHORIA,0.003514689518369413,False,4,False,BULL_STRUCTURE,BULL_STRUCTURE,1.0,0.2769753444833898205977354068,0.2769753444833898205977354068
2023-10-29 00:00:00+00:00,3,BULL,0.9967299010635884,True,3,False,BULL_STRUCTURE,BULL_STRUCTURE,1.0,0.95,0.95
2023-10-30 00:00:00+00:00,3,BULL,0.00013300702487628767,False,3,False,BULL_STRUCTURE,BULL_STRUCTURE,1.0,0.475,0.475
2023-10-31 00:00:00+00:00,3,BULL,2.7113427909610907e-08,False,3,False,BULL_STRUCTURE,BULL_STRUCTURE,1.0,0.4764847281035296116646130307,0.4764847281035296116646130307
2023-11-01 00:00:00+00:00,1,BEAR,0.9999883071269915,True,3,False,BULL_STRUCTURE,BULL_STRUCTURE,1.0,0.95,0.95
2023-11-02 00:00:00+00:00,1,BEAR,0.9981207330473436,True,4,False,BULL_STRUCTURE,BULL_STRUCTURE,1.0,0.9499329602004969901205962200,0.9499329602004969901205962200
2023-11-03 00:00:00+00:00,1,BEAR,0.9999942703198468,True,5,False,BULL_STRUCTURE,BULL_STRUCTURE,1.0,0.9496250810501403301026933695,0.9496250810501403301026933695
2023-11-04 00:00:00+00:00,1,BEAR,0.9999176505410443,True,6,False,BULL_STRUCTURE,BULL_STRUCTURE,1.0,0.9500964147452074024984773796,0.9500964147452074024984773796
2023-11-05 00:00:00+00:00,1,BEAR,0.9995690778938451,True,7,False,BULL_STRUCTURE,BULL_STRUCTURE,1.0,0.9500284521233869416199422596,0.9500284521233869416199422596
2023-11-06 00:00:00+00:00,1,BEAR,0.9999999577080425,True,8,False,BULL_STRUCTURE,BULL_STRUCTURE,1.0,0.9500747961859140120659270068,0.9500747961859140120659270068
2023-11-07 00:00:00+00:00,1,BEAR,0.9999999997362465,True,9,False,BULL_STRUCTURE,BULL_STRUCTURE,1.0,0.9505480706561432329067338524,0.9505480706561432329067338524
2023-11-08 00:00:00+00:00,1,BEAR,0.9999999989645403,True,10,False,BULL_STRUCTURE,BULL_STRUCTURE,1.0,0.9508458406876320402892057233,0.9508458406876320402892057233
2023-11-09 00:00:00+00:00,1,BEAR,0.9966854169700355,True,11,False,BULL_STRUCTURE,BULL_STRUCTURE,1.0,0.9522185530151840804753072787,0.9522185530151840804753072787
2023-11-10 00:00:00+00:00,1,BEAR,0.0001616430702307041,False,11,False,BULL_STRUCTURE,BULL_STRUCTURE,1.0,0.475,0.475
2023-11-11 00:00:00+00:00,1,BEAR,3.596227366237933e-14,False,11,False,BULL_STRUCTURE,BULL_STRUCTURE,1.0,0.4741446315097674019776459056,0.4741446315097674019776459056
2023-11-12 00:00:00+00:00,3,BULL,0.9999999999977263,True,3,False,BULL_STRUCTURE,BULL_STRUCTURE,1.0,0.95,0.95
2023-11-13 00:00:00+00:00,3,BULL,1.0,True,4,False,BULL_STRUCTURE,BULL_STRUCTURE,1.0,0.9498141525171407788295047930,0.9498141525171407788295047930
2023-11-14 00:00:00+00:00,3,BULL,1.0,True,5,False,BULL_STRUCTURE,BULL_STRUCTURE,1.0,0.9485932579468037556351328535,0.9485932579468037556351328535
2023-11-15 00:00:00+00:00,3,BULL,1.0,True,6,False,BULL_STRUCTURE,BULL_STRUCTURE,1.0,0.9515741911965691213403103674,0.9515741911965691213403103674
2023-11-16 00:00:00+00:00,3,BULL,1.0,True,7,False,BULL_STRUCTURE,BULL_STRUCTURE,1.0,0.9494196500637743618401405285,0.9494196500637743618401405285
2023-11-17 00:00:00+00:00,3,BULL,1.0,True,8,False,BULL_STRUCTURE,BULL_STRUCTURE,1.0,0.9500107652980330951049560972,0.9500107652980330951049560972
2023-11-18 00:00:00+00:00,3,BULL,1.0,True,9,False,BULL_STRUCTURE,BULL_STRUCTURE,1.0,0.9499512634435224393304227924,0.9499512634435224393304227924
2023-11-19 00:00:00+00:00,3,BULL,1.0,True,10,False,BULL_STRUCTURE,BULL_STRUCTURE,1.0,0.9509599207740867391354966897,0.9509599207740867391354966897
2023-11-20 00:00:00+00:00,3,BULL,1.0,True,11,False,BULL_STRUCTURE,BULL_STRUCTURE,1.0,0.9510706661827870911576322741,0.9510706661827870911576322741
2023-11-21 00:00:00+00:00,3,BULL,1.0,True,12,False,BULL_STRUCTURE,BULL_STRUCTURE,1.0,0.9488531830841413417920222112,0.9488531830841413417920222112
2023-11-22 00:00:00+00:00,3,BULL,1.0,True,13,False,BULL_STRUCTURE,BULL_STRUCTURE,1.0,0.9510203622628669664365716019,0.9510203622628669664365716019
2023-11-23 00:00:00+00:00,3,BULL,1.0,True,14,False,BULL_STRUCTURE,BULL_STRUCTURE,1.0,0.9508779224242899941055818401,0.9508779224242899941055818401
2023-11-24 00:00:00+00:00,3,BULL,1.0,True,15,False,BULL_STRUCTURE,BULL_STRUCTURE,1.0,0.9513975062160840895805118489,0.9513975062160840895805118489
2023-11-25 00:00:00+00:00,3,BULL,0.9999999999677129,True,16,False,BULL_STRUCTURE,BULL_STRUCTURE,1.0,0.9514796379358745271396133811,0.9514796379358745271396133811
2023-11-26 00:00:00+00:00,3,BULL,0.9999999992828634,True,17,False,BULL_STRUCTURE,BULL_STRUCTURE,1.0,0.9510689885647974634013495113,0.9510689885647974634013495113
2023-11-27 00:00:00+00:00,3,BULL,0.9972522328634644,True,18,False,BULL_STRUCTURE,BULL_STRUCTURE,1.0,0.9508132361519908158754678179,0.9508132361519908158754678179
2023-11-28 00:00:00+00:00,3,BULL,0.998945727293104,True,19,False,BULL_STRUCTURE,BULL_STRUCTURE,1.0,0.9515262716097494905960188541,0.9515262716097494905960188541
2023-11-29 00:00:00+00:00,3,BULL,0.9999974864954067,True,20,False,BULL_STRUCTURE,BULL_STRUCTURE,1.0,0.9515698576004140749435077136,0.9515698576004140749435077136
2023-11-30 00:00:00+00:00,3,BULL,0.9999959835530432,True,21,False,BULL_STRUCTURE,BULL_STRUCTURE,1.0,0.9514102419696676913046512671,0.9514102419696676913046512671
2023-12-01 00:00:00+00:00,3,BULL,0.8336598037748316,True,22,False,BULL_STRUCTURE,BULL_STRUCTURE,1.0,0.9525571810084070761843592826,0.9525571810084070761843592826
2023-12-02 00:00:00+00:00,3,BULL,1.0010399660412728e-09,False,22,False,BULL_STRUCTURE,BULL_STRUCTURE,1.0,0.475,0.475
2023-12-03 00:00:00+00:00,3,BULL,1.2361770218100967e-10,False,22,False,BULL_STRUCTURE,BULL_STRUCTURE,1.0,0.4785741895836159265285577026,0.4785741895836159265285577026
2023-12-04 00:00:00+00:00,2,EUPHORIA,0.9999999724295779,True,3,False,BULL_STRUCTURE,BULL_STRUCTURE,1.0,0.4908800666169550676724759986,0.4908800666169550676724759986
2023-12-05 00:00:00+00:00,2,EUPHORIA,0.9935376770753819,True,4,False,BULL_STRUCTURE,BULL_STRUCTURE,1.0,0.5029782497242527858261737991,0.5029782497242527858261737991
2023-12-06 00:00:00+00:00,2,EUPHORIA,0.7206723892365359,True,5,False,BULL_STRUCTURE,BULL_STRUCTURE,1.0,0.5012100368795643684058747393,0.5012100368795643684058747393
2023-12-07 00:00:00+00:00,2,EUPHORIA,0.4402140728091458,False,5,False,BULL_STRUCTURE,BULL_STRUCTURE,1.0,0.4983976675558188425646503616,0.4983976675558188425646503616
2023-12-08 00:00:00+00:00,2,EUPHORIA,0.030429231517443076,False,5,False,BULL_STRUCTURE,BULL_STRUCTURE,1.0,0.25,0.25
2023-12-09 00:00:00+00:00,3,BULL,0.999731251846281,True,3,False,BULL_STRUCTURE,BULL_STRUCTURE,1.0,0.95,0.95
2023-12-10 00:00:00+00:00,3,BULL,0.9999999908814061,True,4,False,BULL_STRUCTURE,BULL_STRUCTURE,1.0,0.9509481343867819342071505535,0.9509481343867819342071505535
2023-12-11 00:00:00+00:00,3,BULL,0.9999999999990905,True,5,False,BULL_STRUCTURE,BULL_STRUCTURE,1.0,0.9480891417215879888309994840,0.9480891417215879888309994840
2023-12-12 00:00:00+00:00,3,BULL,0.999999999875854,True,6,False,BULL_STRUCTURE,BULL_STRUCTURE,1.0,0.9483727040494982710157863806,0.9483727040494982710157863806
2023-12-13 00:00:00+00:00,3,BULL,0.9999999998312887,True,7,False,BULL_STRUCTURE,BULL_STRUCTURE,1.0,0.9499476141298840222162218015,0.9499476141298840222162218015
2023-12-14 00:00:00+00:00,3,BULL,0.9999999989422577,True,8,False,BULL_STRUCTURE,BULL_STRUCTURE,1.0,0.9501169903549644871035359211,0.9501169903549644871035359211
2023-12-15 00:00:00+00:00,3,BULL,0.9974424440494689,True,9,False,BULL_STRUCTURE,BULL_STRUCTURE,1.0,0.9488958913226403885161689519,0.9488958913226403885161689519
2023-12-16 00:00:00+00:00,3,BULL,0.19447162201863802,False,9,False,BULL_STRUCTURE,BULL_STRUCTURE,1.0,0.475,0.475
2023-12-17 00:00:00+00:00,3,BULL,2.8943541849710137e-08,False,9,False,BULL_STRUCTURE,BULL_STRUCTURE,1.0,0.4699090877197111330687401817,0.4699090877197111330687401817
2023-12-18 00:00:00+00:00,2,EUPHORIA,0.999984581236003,True,3,False,BULL_STRUCTURE,BULL_STRUCTURE,1.0,0.4775232807589451631630540289,0.4775232807589451631630540289
2023-12-19 00:00:00+00:00,2,EUPHORIA,0.982923939313365,True,4,False,BULL_STRUCTURE,BULL_STRUCTURE,1.0,0.4752805841355459615158164502,0.4752805841355459615158164502
2023-12-20 00:00:00+00:00,2,EUPHORIA,0.9999966420147749,True,5,False,BULL_STRUCTURE,BULL_STRUCTURE,1.0,0.4833709382162143842379575274,0.4833709382162143842379575274
2023-12-21 00:00:00+00:00,2,EUPHORIA,0.9998872109028333,True,6,False,BULL_STRUCTURE,BULL_STRUCTURE,1.0,0.4844715276058202591141349108,0.4844715276058202591141349108
2023-12-22 00:00:00+00:00,2,EUPHORIA,0.9999850122844635,True,7,False,BULL_STRUCTURE,BULL_STRUCTURE,1.0,0.4850814536077082362176846109,0.4850814536077082362176846109
2023-12-23 00:00:00+00:00,2,EUPHORIA,0.9970629635212739,True,8,False,BULL_STRUCTURE,BULL_STRUCTURE,1.0,0.4835608961535319225425457278,0.4835608961535319225425457278
2023-12-24 00:00:00+00:00,2,EUPHORIA,0.9772446856480175,True,9,False,BULL_STRUCTURE,BULL_STRUCTURE,1.0,0.4794677449450329910514997193,0.4794677449450329910514997193
2023-12-25 00:00:00+00:00,2,EUPHORIA,0.7701672831429939,True,10,False,BULL_STRUCTURE,BULL_STRUCTURE,1.0,0.4828397100037217808331379113,0.4828397100037217808331379113
2023-12-26 00:00:00+00:00,2,EUPHORIA,0.010516896309693546,False,10,False,BULL_STRUCTURE,BULL_STRUCTURE,1.0,0.4766511239411088222028143994,0.4766511239411088222028143994
2023-12-27 00:00:00+00:00,2,EUPHORIA,0.058931075766388424,False,10,False,BULL_STRUCTURE,BULL_STRUCTURE,1.0,0.4819943677451515162156286442,0.4819943677451515162156286442
2023-12-28 00:00:00+00:00,0,CRASH,0.9992865452232957,True,3,False,BULL_STRUCTURE,BULL_STRUCTURE,1.0,0.95,0.95
2023-12-29 00:00:00+00:00,0,CRASH,0.9998636192069483,True,4,False,BULL_STRUCTURE,BULL_STRUCTURE,1.0,0.9500293849914088210653324113,0.9500293849914088210653324113
2023-12-30 00:00:00+00:00,0,CRASH,0.9994141485258208,True,5,False,BULL_STRUCTURE,BULL_STRUCTURE,1.0,0.9501120028182395928417231177,0.9501120028182395928417231177
2023-12-31 00:00:00+00:00,0,CRASH,0.9997786561950358,True,6,False,BULL_STRUCTURE,BULL_STRUCTURE,1.0,0.9502726668816476925701461408,0.9502726668816476925701461408
2024-01-01 00:00:00+00:00,0,CRASH,0.9833824262052588,True,7,False,BULL_STRUCTURE,BULL_STRUCTURE,1.0,0.9523049367474786730014535691,0.9523049367474786730014535691
2024-01-02 00:00:00+00:00,0,CRASH,0.6565836033467892,True,8,False,BULL_STRUCTURE,BULL_STRUCTURE,1.0,0.9530810097255705160262233167,0.9530810097255705160262233167
2024-01-03 00:00:00+00:00,0,CRASH,0.9974620952230606,True,9,False,BULL_STRUCTURE,BULL_STRUCTURE,1.0,0.9508925215624758503110154902,0.9508925215624758503110154902
2024-01-04 00:00:00+00:00,0,CRASH,0.9529811196582321,True,10,False,BULL_STRUCTURE,BULL_STRUCTURE,1.0,0.9522756698382889194280325898,0.9522756698382889194280325898
2024-01-05 00:00:00+00:00,0,CRASH,0.9859748330202062,True,11,False,BULL_STRUCTURE,BULL_STRUCTURE,1.0,0.9522695032644414749960808681,0.9522695032644414749960808681
2024-01-06 00:00:00+00:00,0,CRASH,0.9990956719362899,True,12,False,BULL_STRUCTURE,BULL_STRUCTURE,1.0,0.9520867814859649986832857105,0.9520867814859649986832857105
2024-01-07 00:00:00+00:00,0,CRASH,0.9982367204196809,True,13,False,BULL_STRUCTURE,BULL_STRUCTURE,1.0,0.9520459726411922998544693306,0.9520459726411922998544693306
2024-01-08 00:00:00+00:00,0,CRASH,0.002687765199354503,False,13,False,BULL_STRUCTURE,BULL_STRUCTURE,1.0,0.475,0.475
2024-01-09 00:00:00+00:00,0,CRASH,0.023114957552129452,False,13,False,BULL_STRUCTURE,BULL_STRUCTURE,1.0,0.4707900497433449061143080809,0.4707900497433449061143080809
2024-01-10 00:00:00+00:00,2,EUPHORIA,0.9998049744350879,True,3,False,BULL_STRUCTURE,BULL_STRUCTURE,1.0,0.4737131625640419369578575773,0.4737131625640419369578575773
2024-01-11 00:00:00+00:00,2,EUPHORIA,0.9998777305076376,True,4,False,BULL_STRUCTURE,BULL_STRUCTURE,1.0,0.4720253826515845717742861608,0.4720253826515845717742861608
2024-01-12 00:00:00+00:00,2,EUPHORIA,0.9994269674932637,True,5,False,BULL_STRUCTURE,BULL_STRUCTURE,1.0,0.4521795321488665873434337044,0.4521795321488665873434337044
2024-01-13 00:00:00+00:00,2,EUPHORIA,0.9999938888968527,True,6,False,BULL_STRUCTURE,BULL_STRUCTURE,1.0,0.4525571289274202746963590262,0.4525571289274202746963590262
2024-01-14 00:00:00+00:00,2,EUPHORIA,0.9998532957670927,True,7,False,BULL_STRUCTURE,BULL_STRUCTURE,1.0,0.4460295271713712483967810598,0.4460295271713712483967810598
2024-01-15 00:00:00+00:00,2,EUPHORIA,0.9999992627634118,True,8,False,BULL_STRUCTURE,BULL_STRUCTURE,1.0,0.4506022586382595128671422527,0.4506022586382595128671422527
2024-01-16 00:00:00+00:00,2,EUPHORIA,0.9999677857663529,True,9,False,BULL_STRUCTURE,BULL_STRUCTURE,1.0,0.4542285729743626634034129164,0.4542285729743626634034129164
2024-01-17 00:00:00+00:00,2,EUPHORIA,0.18318799943662503,False,9,False,BULL_STRUCTURE,BULL_STRUCTURE,1.0,0.4521411415733244768004654567,0.4521411415733244768004654567
2024-01-18 00:00:00+00:00,2,EUPHORIA,0.009364382685245445,False,9,False,BULL_STRUCTURE,BULL_STRUCTURE,1.0,0.4436220909495167432966935181,0.4436220909495167432966935181
2024-01-19 00:00:00+00:00,2,EUPHORIA,6.901895270078017e-05,False,9,False,BULL_STRUCTURE,BULL_STRUCTURE,1.0,0.4455950766692180155901628851,0.4455950766692180155901628851
2024-01-20 00:00:00+00:00,0,CRASH,0.999693603557216,True,3,False,BULL_STRUCTURE,BULL_STRUCTURE,1.0,0.4458144609489453018395222486,0.4458144609489453018395222486
2024-01-21 00:00:00+00:00,0,CRASH,0.9999325749030333,True,4,False,BULL_STRUCTURE,BULL_STRUCTURE,1.0,0.4451279885922805111752367486,0.4451279885922805111752367486
2024-01-22 00:00:00+00:00,0,CRASH,0.9999769813983184,True,5,False,BULL_STRUCTURE,BULL_STRUCTURE,1.0,0.4329116062926087531655827970,0.4329116062926087531655827970
2024-01-23 00:00:00+00:00,0,CRASH,0.9855416176999781,True,6,False,BULL_STRUCTURE,BULL_STRUCTURE,1.0,0.4349491329801955640092513431,0.4349491329801955640092513431
2024-01-24 00:00:00+00:00,0,CRASH,0.9926198763341378,True,7,False,BULL_STRUCTURE,BULL_STRUCTURE,1.0,0.4361004233363335144332107647,0.4361004233363335144332107647
2024-01-25 00:00:00+00:00,0,CRASH,0.9969350341544041,True,8,False,BULL_STRUCTURE,BULL_STRUCTURE,1.0,0.4353399595487109826405825833,0.4353399595487109826405825833
2024-01-26 00:00:00+00:00,0,CRASH,0.43400056031864465,False,8,False,BULL_STRUCTURE,BULL_STRUCTURE,1.0,0.4465687382082564524848620073,0.4465687382082564524848620073
2024-01-27 00:00:00+00:00,0,CRASH,0.9838480887392458,True,9,False,BULL_STRUCTURE,BULL_STRUCTURE,1.0,0.95,0.95
2024-01-28 00:00:00+00:00,0,CRASH,0.9990585699750868,True,10,False,BULL_STRUCTURE,BULL_STRUCTURE,1.0,0.9505193940821635015911055703,0.9505193940821635015911055703
2024-01-29 00:00:00+00:00,0,CRASH,0.9994750638226315,True,11,False,BULL_STRUCTURE,BULL_STRUCTURE,1.0,0.9519025677474107421144709332,0.9519025677474107421144709332
2024-01-30 00:00:00+00:00,0,CRASH,0.9980624327829828,True,12,False,BULL_STRUCTURE,BULL_STRUCTURE,1.0,0.9515171836554024015368540238,0.9515171836554024015368540238
2024-01-31 00:00:00+00:00,0,CRASH,0.9999818140316371,True,13,False,BULL_STRUCTURE,BULL_STRUCTURE,1.0,0.9511261197081518091714145898,0.9511261197081518091714145898
2024-02-01 00:00:00+00:00,0,CRASH,0.999977250517099,True,14,False,BULL_STRUCTURE,BULL_STRUCTURE,1.0,0.9516690869498014194326327234,0.9516690869498014194326327234
2024-02-02 00:00:00+00:00,0,CRASH,0.9999924862086461,True,15,False,BULL_STRUCTURE,BULL_STRUCTURE,1.0,0.9517937370452690873197203415,0.9517937370452690873197203415
2024-02-03 00:00:00+00:00,0,CRASH,0.9999980370745273,True,16,False,BULL_STRUCTURE,BULL_STRUCTURE,1.0,0.9515922584728610294173172922,0.9515922584728610294173172922
2024-02-04 00:00:00+00:00,0,CRASH,0.9999963374451678,True,17,False,BULL_STRUCTURE,BULL_STRUCTURE,1.0,0.9511292636450576166536365167,0.9511292636450576166536365167
2024-02-05 00:00:00+00:00,0,CRASH,0.9999948945908996,True,18,False,BULL_STRUCTURE,BULL_STRUCTURE,1.0,0.9512662206615511239597852234,0.9512662206615511239597852234
2024-02-06 00:00:00+00:00,0,CRASH,0.9999983808406262,True,19,False,BULL_STRUCTURE,BULL_STRUCTURE,1.0,0.9516861730678048203778915108,0.9516861730678048203778915108
2024-02-07 00:00:00+00:00,0,CRASH,0.9999861881309485,True,20,False,BULL_STRUCTURE,BULL_STRUCTURE,1.0,0.9529845577489590382649739911,0.9529845577489590382649739911
2024-02-08 00:00:00+00:00,0,CRASH,0.9999544277023109,True,21,False,BULL_STRUCTURE,BULL_STRUCTURE,1.0,0.9539144857210901398031280489,0.9539144857210901398031280489
2024-02-09 00:00:00+00:00,0,CRASH,0.9686268266801659,True,22,False,BULL_STRUCTURE,BULL_STRUCTURE,1.0,0.9556376389521944254492635080,0.9556376389521944254492635080
2024-02-10 00:00:00+00:00,0,CRASH,0.9933807734086992,True,23,False,BULL_STRUCTURE,BULL_STRUCTURE,1.0,0.9561869109401586943042242119,0.9561869109401586943042242119
2024-02-11 00:00:00+00:00,0,CRASH,0.9777753001601801,True,24,False,BULL_STRUCTURE,BULL_STRUCTURE,1.0,0.9566632422747969986402086087,0.9566632422747969986402086087
2024-02-12 00:00:00+00:00,0,CRASH,0.678863585448514,True,25,False,BULL_STRUCTURE,BULL_STRUCTURE,1.0,0.9580083594100285592437394775,0.9580083594100285592437394775
2024-02-13 00:00:00+00:00,0,CRASH,0.048811593719286596,False,25,False,BULL_STRUCTURE,BULL_STRUCTURE,1.0,0.475,0.475
2024-02-14 00:00:00+00:00,0,CRASH,0.005205537869703015,False,25,False,BULL_STRUCTURE,BULL_STRUCTURE,1.0,0.4856062591042826612558989838,0.4856062591042826612558989838
2024-02-15 00:00:00+00:00,2,EUPHORIA,0.9999862587626983,True,3,False,BULL_STRUCTURE,BULL_STRUCTURE,1.0,0.4860150440442935055110845566,0.4860150440442935055110845566
2024-02-16 00:00:00+00:00,2,EUPHORIA,0.999991380267008,True,4,False,BULL_STRUCTURE,BULL_STRUCTURE,1.0,0.4871877623285411391712264958,0.4871877623285411391712264958
2024-02-17 00:00:00+00:00,2,EUPHORIA,0.9997624685382042,True,5,False,BULL_STRUCTURE,BULL_STRUCTURE,1.0,0.4848695984664189838522703393,0.4848695984664189838522703393
2024-02-18 00:00:00+00:00,2,EUPHORIA,0.9937862449622371,True,6,False,BULL_STRUCTURE,BULL_STRUCTURE,1.0,0.4872527484695744389552764477,0.4872527484695744389552764477
2024-02-19 00:00:00+00:00,2,EUPHORIA,0.0023100682149196886,False,6,False,BULL_STRUCTURE,BULL_STRUCTURE,1.0,0.4855076641218037795587309920,0.4855076641218037795587309920
2024-02-20 00:00:00+00:00,2,EUPHORIA,1.1413113318281673e-05,False,6,False,BULL_STRUCTURE,BULL_STRUCTURE,1.0,0.4878326283020988983292936504,0.4878326283020988983292936504
2024-02-21 00:00:00+00:00,1,BEAR,0.9999956287288158,True,3,False,BULL_STRUCTURE,BULL_STRUCTURE,1.0,0.95,0.95
2024-02-22 00:00:00+00:00,1,BEAR,0.9999796305993219,True,4,False,BULL_STRUCTURE,BULL_STRUCTURE,1.0,0.9500587656729732688717589640,0.9500587656729732688717589640
2024-02-23 00:00:00+00:00,1,BEAR,0.9998341474787028,True,5,False,BULL_STRUCTURE,BULL_STRUCTURE,1.0,0.9495501314418830118736764416,0.9495501314418830118736764416
2024-02-24 00:00:00+00:00,1,BEAR,0.9798804142306095,True,6,False,BULL_STRUCTURE,BULL_STRUCTURE,1.0,0.9503162750262860224590278569,0.9503162750262860224590278569
2024-02-25 00:00:00+00:00,1,BEAR,0.9917623331830389,True,7,False,BULL_STRUCTURE,BULL_STRUCTURE,1.0,0.9504629118887873967465467950,0.9504629118887873967465467950
2024-02-26 00:00:00+00:00,1,BEAR,3.957061598990134e-06,False,7,False,BULL_STRUCTURE,BULL_STRUCTURE,1.0,0.475,0.475
2024-02-27 00:00:00+00:00,1,BEAR,7.861665143097045e-16,False,7,False,BULL_STRUCTURE,BULL_STRUCTURE,1.0,0.4867624523728065779528147702,0.4867624523728065779528147702
2024-02-28 00:00:00+00:00,2,EUPHORIA,1.0,True,3,False,BULL_STRUCTURE,BULL_STRUCTURE,1.0,0.5093516238158381388950108837,0.5093516238158381388950108837
2024-02-29 00:00:00+00:00,2,EUPHORIA,0.9999999968586053,True,4,False,BULL_STRUCTURE,BULL_STRUCTURE,1.0,0.5040874257090710376271831999,0.5040874257090710376271831999
2024-03-01 00:00:00+00:00,2,EUPHORIA,0.9999995135104929,True,5,False,BULL_STRUCTURE,BULL_STRUCTURE,1.0,0.5091746296203193239959846956,0.5091746296203193239959846956
2024-03-02 00:00:00+00:00,2,EUPHORIA,0.999997791601055,True,6,False,BULL_STRUCTURE,BULL_STRUCTURE,1.0,0.5075645463833537206118095326,0.5075645463833537206118095326
2024-03-03 00:00:00+00:00,2,EUPHORIA,0.9993840444224091,True,7,False,BULL_STRUCTURE,BULL_STRUCTURE,1.0,0.5120660147951786670893321088,0.5120660147951786670893321088
2024-03-04 00:00:00+00:00,2,EUPHORIA,0.5552529472471721,True,8,False,BULL_STRUCTURE,BULL_STRUCTURE,1.0,0.5315694154249918484176635443,0.5315694154249918484176635443
2024-03-05 00:00:00+00:00,2,EUPHORIA,5.752553995466046e-07,False,8,False,BULL_STRUCTURE,BULL_STRUCTURE,1.0,0.25,0.25
2024-03-06 00:00:00+00:00,2,EUPHORIA,0.9999999999545253,True,9,False,BULL_STRUCTURE,BULL_STRUCTURE,1.0,0.2569378401634248585971649670,0.2569378401634248585971649670
2024-03-07 00:00:00+00:00,2,EUPHORIA,1.0,True,10,False,BULL_STRUCTURE,BULL_STRUCTURE,1.0,0.2590961621802401539311595857,0.2590961621802401539311595857
2024-03-08 00:00:00+00:00,2,EUPHORIA,1.0,True,11,False,BULL_STRUCTURE,BULL_STRUCTURE,1.0,0.2628148903461656653901232763,0.2628148903461656653901232763
2024-03-09 00:00:00+00:00,2,EUPHORIA,0.9902255963874702,True,12,False,BULL_STRUCTURE,BULL_STRUCTURE,1.0,0.2633522364252653355787095104,0.2633522364252653355787095104
2024-03-10 00:00:00+00:00,2,EUPHORIA,7.027592521185563e-05,False,12,False,BULL_STRUCTURE,BULL_STRUCTURE,1.0,0.2651726276832790840925882219,0.2651726276832790840925882219
2024-03-11 00:00:00+00:00,2,EUPHORIA,1.5426373988232925e-12,False,12,False,BULL_STRUCTURE,BULL_STRUCTURE,1.0,0.2738907480110547032851596684,0.2738907480110547032851596684
2024-03-12 00:00:00+00:00,3,BULL,1.0,True,3,False,BULL_STRUCTURE,BULL_STRUCTURE,1.0,0.95,0.95
2024-03-13 00:00:00+00:00,3,BULL,1.0,True,4,False,BULL_STRUCTURE,BULL_STRUCTURE,1.0,0.9518751765921734198122210468,0.9518751765921734198122210468
2024-03-14 00:00:00+00:00,3,BULL,1.0,True,5,False,BULL_STRUCTURE,BULL_STRUCTURE,1.0,0.9507961528202749576499194210,0.9507961528202749576499194210
2024-03-15 00:00:00+00:00,3,BULL,1.0,True,6,False,BULL_STRUCTURE,BULL_STRUCTURE,1.0,0.9495262373540898830217329771,0.9495262373540898830217329771
2024-03-16 00:00:00+00:00,3,BULL,0.9999728768329479,True,7,False,BULL_STRUCTURE,BULL_STRUCTURE,1.0,0.9464542701629197322925752582,0.9464542701629197322925752582
2024-03-17 00:00:00+00:00,3,BULL,0.9998722032218085,True,8,False,BULL_STRUCTURE,BULL_STRUCTURE,1.0,0.9487515902762703810339038074,0.9487515902762703810339038074
2024-03-18 00:00:00+00:00,3,BULL,0.9848376497882101,True,9,False,BULL_STRUCTURE,BULL_STRUCTURE,1.0,0.9481884745559275080296363925,0.9481884745559275080296363925
2024-03-19 00:00:00+00:00,3,BULL,0.14325392979710505,False,9,False,BULL_STRUCTURE,BULL_STRUCTURE,1.0,0.475,0.475
2024-03-20 00:00:00+00:00,3,BULL,7.195483653146845e-06,False,9,False,BULL_STRUCTURE,BULL_STRUCTURE,1.0,0.4980280011598067040361309109,0.4980280011598067040361309109
2024-03-21 00:00:00+00:00,3,BULL,0.8787578152751436,True,10,False,BULL_STRUCTURE,BULL_STRUCTURE,1.0,0.95,0.95
2024-03-22 00:00:00+00:00,3,BULL,0.8743448396679604,True,11,False,BULL_STRUCTURE,BULL_STRUCTURE,1.0,0.9493154036395531330819105550,0.9493154036395531330819105550
2024-03-23 00:00:00+00:00,3,BULL,0.04154260583168588,False,11,False,BULL_STRUCTURE,BULL_STRUCTURE,1.0,0.475,0.475
2024-03-24 00:00:00+00:00,3,BULL,0.049236978359277477,False,11,False,BULL_STRUCTURE,BULL_STRUCTURE,1.0,0.4875484998967953319240164178,0.4875484998967953319240164178
2024-03-25 00:00:00+00:00,2,EUPHORIA,0.8495111899323533,True,3,False,BULL_STRUCTURE,BULL_STRUCTURE,1.0,0.4972853844333455830395533207,0.4972853844333455830395533207
2024-03-26 00:00:00+00:00,2,EUPHORIA,0.7547854025300057,True,4,False,BULL_STRUCTURE,BULL_STRUCTURE,1.0,0.4976714171991344602542128621,0.4976714171991344602542128621
2024-03-27 00:00:00+00:00,2,EUPHORIA,0.9438574003257357,True,5,False,BULL_STRUCTURE,BULL_STRUCTURE,1.0,0.4958142636428171765895917800,0.4958142636428171765895917800
2024-03-28 00:00:00+00:00,2,EUPHORIA,0.9996789983325498,True,6,False,BULL_STRUCTURE,BULL_STRUCTURE,1.0,0.5004866884776604393578582324,0.5004866884776604393578582324
2024-03-29 00:00:00+00:00,2,EUPHORIA,0.9728279736988372,True,7,False,BULL_STRUCTURE,BULL_STRUCTURE,1.0,0.4971799347031961810528484982,0.4971799347031961810528484982
2024-03-30 00:00:00+00:00,2,EUPHORIA,0.00605495516760118,False,7,False,BULL_STRUCTURE,BULL_STRUCTURE,1.0,0.4962176478376253523205021234,0.4962176478376253523205021234
2024-03-31 00:00:00+00:00,2,EUPHORIA,0.000331733796391759,False,7,False,BULL_STRUCTURE,BULL_STRUCTURE,1.0,0.25,0.25
2024-04-01 00:00:00+00:00,0,CRASH,0.9999986039047795,True,3,False,BULL_STRUCTURE,BULL_STRUCTURE,1.0,0.95,0.95
2024-04-02 00:00:00+00:00,0,CRASH,0.9999999997762643,True,4,False,BULL_STRUCTURE,BULL_STRUCTURE,1.0,0.9478918300286653565300892792,0.9478918300286653565300892792
2024-04-03 00:00:00+00:00,0,CRASH,0.9997502378219986,True,5,False,BULL_STRUCTURE,BULL_STRUCTURE,1.0,0.9482658429045814747791517056,0.9482658429045814747791517056
2024-04-04 00:00:00+00:00,0,CRASH,0.951716456296544,True,6,False,BULL_STRUCTURE,BULL_STRUCTURE,1.0,0.9500776017909466600842290656,0.9500776017909466600842290656
2024-04-05 00:00:00+00:00,0,CRASH,0.9999583056994471,True,7,False,BULL_STRUCTURE,BULL_STRUCTURE,1.0,0.9496112474282627424818612101,0.9496112474282627424818612101
2024-04-06 00:00:00+00:00,0,CRASH,0.9999039592768655,True,8,False,BULL_STRUCTURE,BULL_STRUCTURE,1.0,0.9503587094189618214037627138,0.9503587094189618214037627138
2024-04-07 00:00:00+00:00,0,CRASH,0.999835070848254,True,9,False,BULL_STRUCTURE,BULL_STRUCTURE,1.0,0.9506746797634794211767683816,0.9506746797634794211767683816
2024-04-08 00:00:00+00:00,0,CRASH,0.978642266759868,True,10,False,BULL_STRUCTURE,BULL_STRUCTURE,1.0,0.9521564381474292335215450442,0.9521564381474292335215450442
2024-04-09 00:00:00+00:00,0,CRASH,0.9998177117004794,True,11,False,BULL_STRUCTURE,BULL_STRUCTURE,1.0,0.9505293103998694435157604508,0.9505293103998694435157604508
2024-04-10 00:00:00+00:00,0,CRASH,0.9982539373243348,True,12,False,BULL_STRUCTURE,BULL_STRUCTURE,1.0,0.9515190465944350671028260153,0.9515190465944350671028260153
2024-04-11 00:00:00+00:00,0,CRASH,0.9996373537234357,True,13,False,BULL_STRUCTURE,BULL_STRUCTURE,1.0,0.9511074802694518901125603938,0.9511074802694518901125603938
2024-04-12 00:00:00+00:00,0,CRASH,0.9999898629280264,True,14,False,BULL_STRUCTURE,BULL_STRUCTURE,1.0,0.9491095350019848727687864693,0.9491095350019848727687864693
2024-04-13 00:00:00+00:00,0,CRASH,0.9999969785804012,True,15,False,BULL_STRUCTURE,BULL_STRUCTURE,1.0,0.60,0.60
2024-04-14 00:00:00+00:00,0,CRASH,0.12846174462492516,False,15,False,BULL_STRUCTURE,BULL_STRUCTURE,1.0,0.6066859465134395676004132014,0.6066859465134395676004132014
2024-04-15 00:00:00+00:00,0,CRASH,0.32139240078363746,False,15,False,BULL_STRUCTURE,BULL_STRUCTURE,1.0,0.30,0.30
2024-04-16 00:00:00+00:00,2,EUPHORIA,0.9998452987532571,True,3,False,BULL_STRUCTURE,BULL_STRUCTURE,1.0,0.3013501533605467141264330587,0.3013501533605467141264330587
2024-04-17 00:00:00+00:00,2,EUPHORIA,0.9995493472191121,True,4,False,BULL_STRUCTURE,BULL_STRUCTURE,1.0,0.2929466180658388688840496915,0.2929466180658388688840496915
2024-04-18 00:00:00+00:00,2,EUPHORIA,0.999905637713224,True,5,False,BULL_STRUCTURE,BULL_STRUCTURE,1.0,0.3002814966144699018959355180,0.3002814966144699018959355180
2024-04-19 00:00:00+00:00,2,EUPHORIA,0.997179941104894,True,6,False,BULL_STRUCTURE,BULL_STRUCTURE,1.0,0.3014313976502639172782507341,0.3014313976502639172782507341
2024-04-20 00:00:00+00:00,2,EUPHORIA,0.993572774361089,True,7,False,BULL_STRUCTURE,BULL_STRUCTURE,1.0,0.3051158668065512136157816945,0.3051158668065512136157816945
2024-04-21 00:00:00+00:00,2,EUPHORIA,0.9956386830121109,True,8,False,BULL_STRUCTURE,BULL_STRUCTURE,1.0,0.3051176951081635017065069128,0.3051176951081635017065069128
2024-04-22 00:00:00+00:00,0,CRASH,0.9999999922174538,True,1,False,BULL_STRUCTURE,BULL_STRUCTURE,1.0,0.95,0.95
2024-04-23 00:00:00+00:00,0,CRASH,0.9730129033304068,True,2,False,BULL_STRUCTURE,BULL_STRUCTURE,1.0,0.9505033337661939048858305867,0.9505033337661939048858305867
2024-04-24 00:00:00+00:00,0,CRASH,0.5217099646917108,True,3,False,BULL_STRUCTURE,BULL_STRUCTURE,1.0,0.30,0.30
2024-04-25 00:00:00+00:00,0,CRASH,0.0010865918559300922,False,3,False,BULL_STRUCTURE,BULL_STRUCTURE,1.0,0.3009342423169353680672193080,0.3009342423169353680672193080
2024-04-26 00:00:00+00:00,0,CRASH,1.978839841935537e-06,False,3,False,BULL_STRUCTURE,BULL_STRUCTURE,1.0,0.2985505640354020996695174422,0.2985505640354020996695174422
2024-04-27 00:00:00+00:00,0,CRASH,1.3516197557822412e-06,False,3,False,BULL_STRUCTURE,BULL_STRUCTURE,1.0,0.2975375451453798204187061439,0.2975375451453798204187061439
2024-04-28 00:00:00+00:00,0,CRASH,4.102420745667306e-09,False,3,False,BULL_STRUCTURE,BULL_STRUCTURE,1.0,0.2964048822464642264502303913,0.2964048822464642264502303913
2024-04-29 00:00:00+00:00,4,EUPHORIA,0.972365523789162,True,3,False,BULL_STRUCTURE,BULL_STRUCTURE,1.0,0.2988656497020197469100007073,0.2988656497020197469100007073
2024-04-30 00:00:00+00:00,4,EUPHORIA,0.9999739468623029,True,4,False,BULL_STRUCTURE,BULL_STRUCTURE,1.0,0.2882270945551105430618951860,0.2882270945551105430618951860
2024-05-01 00:00:00+00:00,4,EUPHORIA,0.9678328598308399,True,5,False,BULL_STRUCTURE,BULL_STRUCTURE,1.0,0.2803398154302071850018004377,0.2803398154302071850018004377
2024-05-02 00:00:00+00:00,4,EUPHORIA,0.9949763191817544,True,6,False,BULL_STRUCTURE,BULL_STRUCTURE,1.0,0.2827364170261568951652662350,0.2827364170261568951652662350
2024-05-03 00:00:00+00:00,4,EUPHORIA,0.9989182302490675,True,7,False,BULL_STRUCTURE,BULL_STRUCTURE,1.0,0.2956222340439796788428366594,0.2956222340439796788428366594
2024-05-04 00:00:00+00:00,4,EUPHORIA,0.0005577791828948132,False,7,False,BULL_STRUCTURE,BULL_STRUCTURE,1.0,0.2989510767879074197839760792,0.2989510767879074197839760792
2024-05-05 00:00:00+00:00,4,EUPHORIA,0.031046417400869233,False,7,False,BULL_STRUCTURE,BULL_STRUCTURE,1.0,0.2993443500790674330059340209,0.2993443500790674330059340209
2024-05-06 00:00:00+00:00,4,EUPHORIA,0.6879394303891265,True,8,False,BULL_STRUCTURE,BULL_STRUCTURE,1.0,0.2965587196517971565687147437,0.2965587196517971565687147437
2024-05-07 00:00:00+00:00,4,EUPHORIA,0.4665616939557519,False,8,False,BULL_STRUCTURE,BULL_STRUCTURE,1.0,0.2937298772135399002310135298,0.2937298772135399002310135298
2024-05-08 00:00:00+00:00,4,EUPHORIA,0.001181961613262471,False,8,False,BULL_STRUCTURE,BULL_STRUCTURE,1.0,0.2899845205244812483292179103,0.2899845205244812483292179103
2024-05-09 00:00:00+00:00,2,NEUTRAL,0.987988090802006,True,3,False,BULL_STRUCTURE,BULL_STRUCTURE,1.0,0.95,0.95
2024-05-10 00:00:00+00:00,2,NEUTRAL,0.999458912377841,True,4,False,BULL_STRUCTURE,BULL_STRUCTURE,1.0,0.9490610339141018551528440153,0.9490610339141018551528440153
2024-05-11 00:00:00+00:00,2,NEUTRAL,0.9991509554643734,True,5,False,BULL_STRUCTURE,BULL_STRUCTURE,1.0,0.9490816990319646820762829375,0.9490816990319646820762829375
2024-05-12 00:00:00+00:00,2,NEUTRAL,0.99984497930043,True,6,False,BULL_STRUCTURE,BULL_STRUCTURE,1.0,0.9495991605713651656181988265,0.9495991605713651656181988265
2024-05-13 00:00:00+00:00,2,NEUTRAL,0.9999758163958432,True,7,False,BULL_STRUCTURE,BULL_STRUCTURE,1.0,0.9507076861110497625465391828,0.9507076861110497625465391828
2024-05-14 00:00:00+00:00,2,NEUTRAL,0.9999979458382947,True,8,False,BULL_STRUCTURE,BULL_STRUCTURE,1.0,0.9496718382350210065497241316,0.9496718382350210065497241316
2024-05-15 00:00:00+00:00,2,NEUTRAL,0.9533771674181625,True,9,False,BULL_STRUCTURE,BULL_STRUCTURE,1.0,0.9530253746112304817220796179,0.9530253746112304817220796179
2024-05-16 00:00:00+00:00,2,NEUTRAL,0.9999987370382559,True,10,False,BULL_STRUCTURE,BULL_STRUCTURE,1.0,0.9523592875469781484689094954,0.9523592875469781484689094954
2024-05-17 00:00:00+00:00,2,NEUTRAL,0.9999992050496507,True,11,False,BULL_STRUCTURE,BULL_STRUCTURE,1.0,0.9535717285903019793672889966,0.9535717285903019793672889966
2024-05-18 00:00:00+00:00,2,NEUTRAL,0.999999996817678,True,12,False,BULL_STRUCTURE,BULL_STRUCTURE,1.0,0.9534997493575930407976314199,0.9534997493575930407976314199
2024-05-19 00:00:00+00:00,2,NEUTRAL,0.9999999973579179,True,13,False,BULL_STRUCTURE,BULL_STRUCTURE,1.0,0.9530709797131065449601194731,0.9530709797131065449601194731
2024-05-20 00:00:00+00:00,2,NEUTRAL,0.9998587052154816,True,14,False,BULL_STRUCTURE,BULL_STRUCTURE,1.0,0.9563201527658294971028841010,0.9563201527658294971028841010
2024-05-21 00:00:00+00:00,2,NEUTRAL,0.9999995853778223,True,15,False,BULL_STRUCTURE,BULL_STRUCTURE,1.0,0.9555476777521342321724635879,0.9555476777521342321724635879
2024-05-22 00:00:00+00:00,2,NEUTRAL,0.9999995876656553,True,16,False,BULL_STRUCTURE,BULL_STRUCTURE,1.0,0.9549451681466508623861698645,0.9549451681466508623861698645
2024-05-23 00:00:00+00:00,2,NEUTRAL,0.9999981965300213,True,17,False,BULL_STRUCTURE,BULL_STRUCTURE,1.0,0.9541880849720990122568965470,0.9541880849720990122568965470
2024-05-24 00:00:00+00:00,2,NEUTRAL,0.9999979451661796,True,18,False,BULL_STRUCTURE,BULL_STRUCTURE,1.0,0.9545583016804637608323426940,0.9545583016804637608323426940
2024-05-25 00:00:00+00:00,2,NEUTRAL,0.9999997211439611,True,19,False,BULL_STRUCTURE,BULL_STRUCTURE,1.0,0.9550221391609898206920478968,0.9550221391609898206920478968
2024-05-26 00:00:00+00:00,2,NEUTRAL,0.9999999372821569,True,20,False,BULL_STRUCTURE,BULL_STRUCTURE,1.0,0.9545315068333053786723079350,0.9545315068333053786723079350
2024-05-27 00:00:00+00:00,2,NEUTRAL,0.9999997536092754,True,21,False,BULL_STRUCTURE,BULL_STRUCTURE,1.0,0.9551123797862796489019870242,0.9551123797862796489019870242
2024-05-28 00:00:00+00:00,2,NEUTRAL,0.9999995212798476,True,22,False,BULL_STRUCTURE,BULL_STRUCTURE,1.0,0.9544621699862957174263582996,0.9544621699862957174263582996
2024-05-29 00:00:00+00:00,2,NEUTRAL,0.9999979313023256,True,23,False,BULL_STRUCTURE,BULL_STRUCTURE,1.0,0.9539831528361765502102816724,0.9539831528361765502102816724
2024-05-30 00:00:00+00:00,2,NEUTRAL,0.9999982153810841,True,24,False,BULL_STRUCTURE,BULL_STRUCTURE,1.0,0.9544327802754782039598575600,0.9544327802754782039598575600
2024-05-31 00:00:00+00:00,2,NEUTRAL,0.9999997862792271,True,25,False,BULL_STRUCTURE,BULL_STRUCTURE,1.0,0.9539100947768458500411959350,0.9539100947768458500411959350
2024-06-01 00:00:00+00:00,2,NEUTRAL,0.9999990725300203,True,26,False,BULL_STRUCTURE,BULL_STRUCTURE,1.0,0.9540572862349366765251318900,0.9540572862349366765251318900
2024-06-02 00:00:00+00:00,2,NEUTRAL,0.999999911355648,True,27,False,BULL_STRUCTURE,BULL_STRUCTURE,1.0,0.9540564971185015952985291659,0.9540564971185015952985291659
2024-06-03 00:00:00+00:00,2,NEUTRAL,0.9999997780551231,True,28,False,BULL_STRUCTURE,BULL_STRUCTURE,1.0,0.9547221732546999579650301201,0.9547221732546999579650301201
2024-06-04 00:00:00+00:00,2,NEUTRAL,0.9997894839866092,True,29,False,BULL_STRUCTURE,BULL_STRUCTURE,1.0,0.9557822835471956127091658931,0.9557822835471956127091658931
2024-06-05 00:00:00+00:00,2,NEUTRAL,0.999808582847357,True,30,False,BULL_STRUCTURE,BULL_STRUCTURE,1.0,0.9561212740834685402031136959,0.9561212740834685402031136959
2024-06-06 00:00:00+00:00,2,NEUTRAL,0.9996559848573787,True,31,False,BULL_STRUCTURE,BULL_STRUCTURE,1.0,0.9559382406213948310165060766,0.9559382406213948310165060766
2024-06-07 00:00:00+00:00,2,NEUTRAL,0.9999529995324999,True,32,False,BULL_STRUCTURE,BULL_STRUCTURE,1.0,0.9550624166856670030991929815,0.9550624166856670030991929815
2024-06-08 00:00:00+00:00,2,NEUTRAL,0.9985041287592749,True,33,False,BULL_STRUCTURE,BULL_STRUCTURE,1.0,0.9550344660601535838418545674,0.9550344660601535838418545674
2024-06-09 00:00:00+00:00,2,NEUTRAL,0.988283927080533,True,34,False,BULL_STRUCTURE,BULL_STRUCTURE,1.0,0.9552427181205225839449000353,0.9552427181205225839449000353
2024-06-10 00:00:00+00:00,2,NEUTRAL,0.9980827232146154,True,35,False,BULL_STRUCTURE,BULL_STRUCTURE,1.0,0.9551762369140580103570259564,0.9551762369140580103570259564
2024-06-11 00:00:00+00:00,2,NEUTRAL,0.9990757888916499,True,36,False,BULL_STRUCTURE,BULL_STRUCTURE,1.0,0.9537626581398685040349288509,0.9537626581398685040349288509
2024-06-12 00:00:00+00:00,2,NEUTRAL,0.9924322778500256,True,37,False,BULL_STRUCTURE,BULL_STRUCTURE,1.0,0.9543766042846882330496327556,0.9543766042846882330496327556
2024-06-13 00:00:00+00:00,2,NEUTRAL,0.9896502183783978,True,38,False,BULL_STRUCTURE,BULL_STRUCTURE,1.0,0.9534053430578818063829158454,0.9534053430578818063829158454
2024-06-14 00:00:00+00:00,2,NEUTRAL,0.9831863534633909,True,39,False,BULL_STRUCTURE,BULL_STRUCTURE,1.0,0.9529152297143350851234181006,0.9529152297143350851234181006
2024-06-15 00:00:00+00:00,2,NEUTRAL,0.2813229532458501,False,39,False,BULL_STRUCTURE,BULL_STRUCTURE,1.0,0.475,0.475
2024-06-16 00:00:00+00:00,2,NEUTRAL,0.008491580724618865,False,39,False,BULL_STRUCTURE,BULL_STRUCTURE,1.0,0.4769778070993882292770715172,0.4769778070993882292770715172
2024-06-17 00:00:00+00:00,2,NEUTRAL,0.016589883101385948,False,39,False,BULL_STRUCTURE,BULL_STRUCTURE,1.0,0.4763314548718752817250265315,0.4763314548718752817250265315
2024-06-18 00:00:00+00:00,2,NEUTRAL,0.5117427692265576,True,40,False,BULL_STRUCTURE,BULL_STRUCTURE,1.0,0.4712987913974385345745546823,0.4712987913974385345745546823
2024-06-19 00:00:00+00:00,2,NEUTRAL,0.9772715326255341,True,41,False,BULL_STRUCTURE,BULL_STRUCTURE,1.0,0.95,0.95
2024-06-20 00:00:00+00:00,2,NEUTRAL,0.9908341231589438,True,42,False,BULL_STRUCTURE,BULL_STRUCTURE,1.0,0.9505159778599774669378936886,0.9505159778599774669378936886
2024-06-21 00:00:00+00:00,2,NEUTRAL,0.9947535487413739,True,43,False,BULL_STRUCTURE,BULL_STRUCTURE,1.0,0.9499835977630965647833414531,0.9499835977630965647833414531
2024-06-22 00:00:00+00:00,2,NEUTRAL,0.5178067687030556,True,44,False,BULL_STRUCTURE,BULL_STRUCTURE,1.0,0.475,0.475
2024-06-23 00:00:00+00:00,2,NEUTRAL,0.28781041354651205,False,44,False,BULL_STRUCTURE,BULL_STRUCTURE,1.0,0.4711773937753562471916059270,0.4711773937753562471916059270
2024-06-24 00:00:00+00:00,2,NEUTRAL,0.9413868348519053,True,45,False,BULL_STRUCTURE,BULL_STRUCTURE,1.0,0.95,0.95
2024-06-25 00:00:00+00:00,2,NEUTRAL,0.9553072240389141,True,46,False,BULL_STRUCTURE,BULL_STRUCTURE,1.0,0.9517565792928913279084487778,0.9517565792928913279084487778
2024-06-26 00:00:00+00:00,2,NEUTRAL,0.6724501938754898,True,47,False,BULL_STRUCTURE,BULL_STRUCTURE,1.0,0.9510472114954357088608581694,0.9510472114954357088608581694
2024-06-27 00:00:00+00:00,2,NEUTRAL,0.026445224995253376,False,47,False,BULL_STRUCTURE,BULL_STRUCTURE,1.0,0.475,0.475
2024-06-28 00:00:00+00:00,2,NEUTRAL,0.3644889314552953,False,47,False,BULL_STRUCTURE,BULL_STRUCTURE,1.0,0.4700754185636144857796897013,0.4700754185636144857796897013
2024-06-29 00:00:00+00:00,2,NEUTRAL,0.7090499153850379,True,48,False,BULL_STRUCTURE,BULL_STRUCTURE,1.0,0.95,0.95
2024-06-30 00:00:00+00:00,2,NEUTRAL,0.9720644106503817,True,49,False,BULL_STRUCTURE,BULL_STRUCTURE,1.0,0.9519273115677374444612406745,0.9519273115677374444612406745
2024-07-01 00:00:00+00:00,2,NEUTRAL,0.9998372941939697,True,50,False,BULL_STRUCTURE,BULL_STRUCTURE,1.0,0.9520204301184828999136088265,0.9520204301184828999136088265
2024-07-02 00:00:00+00:00,2,NEUTRAL,0.9986620573639183,True,51,False,BULL_STRUCTURE,BULL_STRUCTURE,1.0,0.9514587415640400608124624330,0.9514587415640400608124624330
2024-07-03 00:00:00+00:00,2,NEUTRAL,0.9982273489253357,True,52,False,BULL_STRUCTURE,BULL_STRUCTURE,1.0,0.9499829487894544366806958423,0.9499829487894544366806958423
2024-07-04 00:00:00+00:00,2,NEUTRAL,0.9999888547179486,True,53,False,TRANSITION,BULL_STRUCTURE,0.6,0.9473595295853364425638113624,0.6
2024-07-05 00:00:00+00:00,2,NEUTRAL,0.9999999981823748,True,54,False,TRANSITION,BULL_STRUCTURE,0.6,0.95,0.6
2024-07-06 00:00:00+00:00,2,NEUTRAL,0.9953431758358563,True,55,False,TRANSITION,BULL_STRUCTURE,0.6,0.95,0.6
2024-07-07 00:00:00+00:00,2,NEUTRAL,0.9977804493387804,True,56,False,TRANSITION,BULL_STRUCTURE,0.6,0.95,0.6
2024-07-08 00:00:00+00:00,2,NEUTRAL,0.9988285655062245,True,57,False,TRANSITION,TRANSITION,0.6,0.95,0.6
2024-07-09 00:00:00+00:00,2,NEUTRAL,0.9975645495692844,True,58,False,TRANSITION,TRANSITION,0.6,0.95,0.6
2024-07-10 00:00:00+00:00,2,NEUTRAL,0.9998459592041011,True,59,False,TRANSITION,TRANSITION,0.6,0.95,0.6
2024-07-11 00:00:00+00:00,2,NEUTRAL,0.919861455094205,True,60,False,TRANSITION,TRANSITION,0.6,0.95,0.6
2024-07-12 00:00:00+00:00,2,NEUTRAL,0.9996455477459377,True,61,False,TRANSITION,TRANSITION,0.6,0.95,0.6
2024-07-13 00:00:00+00:00,2,NEUTRAL,0.999892092784011,True,62,False,TRANSITION,TRANSITION,0.6,0.95,0.6
2024-07-14 00:00:00+00:00,2,NEUTRAL,0.9996916626315342,True,63,False,BULL_STRUCTURE,TRANSITION,0.6,0.95,0.6
2024-07-15 00:00:00+00:00,2,NEUTRAL,0.9999638781171901,True,64,False,BULL_STRUCTURE,TRANSITION,0.6,0.95,0.6
2024-07-16 00:00:00+00:00,2,NEUTRAL,0.9999981786712158,True,65,False,BULL_STRUCTURE,TRANSITION,0.6,0.95,0.6
2024-07-17 00:00:00+00:00,2,NEUTRAL,0.999999150317214,True,66,False,BULL_STRUCTURE,TRANSITION,0.6,0.95,0.6
2024-07-18 00:00:00+00:00,2,NEUTRAL,0.9999999981887413,True,67,False,BULL_STRUCTURE,BULL_STRUCTURE,1.0,0.95,0.95
2024-07-19 00:00:00+00:00,2,NEUTRAL,0.9999997772484014,True,68,False,BULL_STRUCTURE,BULL_STRUCTURE,1.0,0.9523243502561515565085374119,0.9523243502561515565085374119
2024-07-20 00:00:00+00:00,2,NEUTRAL,0.9999999354595296,True,69,False,BULL_STRUCTURE,BULL_STRUCTURE,1.0,0.9526490287450382147251106794,0.9526490287450382147251106794
2024-07-21 00:00:00+00:00,2,NEUTRAL,0.9999999909168764,True,70,False,BULL_STRUCTURE,BULL_STRUCTURE,1.0,0.9533280642870971839562805359,0.9533280642870971839562805359
2024-07-22 00:00:00+00:00,2,NEUTRAL,0.999999999706688,True,71,False,BULL_STRUCTURE,BULL_STRUCTURE,1.0,0.9529109754879959226578406605,0.9529109754879959226578406605
2024-07-23 00:00:00+00:00,2,NEUTRAL,0.9999999945234777,True,72,False,BULL_STRUCTURE,BULL_STRUCTURE,1.0,0.9518260809606291367515433768,0.9518260809606291367515433768
2024-07-24 00:00:00+00:00,2,NEUTRAL,0.9999998740131638,True,73,False,BULL_STRUCTURE,BULL_STRUCTURE,1.0,0.9514334651012082168913852878,0.9514334651012082168913852878
2024-07-25 00:00:00+00:00,2,NEUTRAL,0.9999999869082786,True,74,False,BULL_STRUCTURE,BULL_STRUCTURE,1.0,0.9517312759649298409327515308,0.9517312759649298409327515308
2024-07-26 00:00:00+00:00,2,NEUTRAL,0.9999999928195393,True,75,False,BULL_STRUCTURE,BULL_STRUCTURE,1.0,0.9531594770549700480863687259,0.9531594770549700480863687259
2024-07-27 00:00:00+00:00,2,NEUTRAL,0.9999999989095159,True,76,False,BULL_STRUCTURE,BULL_STRUCTURE,1.0,0.9531519216716305127419565797,0.9531519216716305127419565797
2024-07-28 00:00:00+00:00,2,NEUTRAL,0.9999999997662599,True,77,False,BULL_STRUCTURE,BULL_STRUCTURE,1.0,0.9533831810434311813134533790,0.9533831810434311813134533790
2024-07-29 00:00:00+00:00,2,NEUTRAL,0.9999999999267857,True,78,False,BULL_STRUCTURE,BULL_STRUCTURE,1.0,0.9524091266383940645205062272,0.9524091266383940645205062272
2024-07-30 00:00:00+00:00,2,NEUTRAL,0.9999999984356691,True,79,False,BULL_STRUCTURE,BULL_STRUCTURE,1.0,0.9520006845982686957464111006,0.9520006845982686957464111006
2024-07-31 00:00:00+00:00,2,NEUTRAL,0.9999999998972271,True,80,False,BULL_STRUCTURE,BULL_STRUCTURE,1.0,0.9508989593624210865404395933,0.9508989593624210865404395933
2024-08-01 00:00:00+00:00,2,NEUTRAL,0.9999999999940883,True,81,False,BULL_STRUCTURE,BULL_STRUCTURE,1.0,0.9514179246426556435527716170,0.9514179246426556435527716170
2024-08-02 00:00:00+00:00,2,NEUTRAL,0.9999999999995453,True,82,False,BULL_STRUCTURE,BULL_STRUCTURE,1.0,0.9485288060151558361547644820,0.9485288060151558361547644820
2024-08-03 00:00:00+00:00,2,NEUTRAL,0.9999999971896614,True,83,False,BULL_STRUCTURE,BULL_STRUCTURE,1.0,0.9478854959684453813543643696,0.9478854959684453813543643696
2024-08-04 00:00:00+00:00,2,NEUTRAL,0.9999999977871994,True,84,False,TRANSITION,BULL_STRUCTURE,0.6,0.9457356109085487245700505983,0.6
2024-08-05 00:00:00+00:00,2,NEUTRAL,0.9999983915817413,True,85,False,TRANSITION,BULL_STRUCTURE,0.6,0.95,0.6
2024-08-06 00:00:00+00:00,2,NEUTRAL,0.005457054815738807,False,85,False,TRANSITION,BULL_STRUCTURE,0.6,0.6087188913003684365432298681,0.6
2024-08-07 00:00:00+00:00,2,NEUTRAL,1.268002432626208e-08,False,85,False,TRANSITION,BULL_STRUCTURE,0.6,0.5961660115461913550834410744,0.5961660115461913550834410744
2024-08-08 00:00:00+00:00,0,CRASH,1.0,True,3,False,TRANSITION,TRANSITION,0.6,0.6228828666134939609419022134,0.6
2024-08-09 00:00:00+00:00,0,CRASH,0.7266187658702145,True,4,False,TRANSITION,TRANSITION,0.6,0.5966910393097361967627018687,0.5966910393097361967627018687
2024-08-10 00:00:00+00:00,0,CRASH,3.9610857132151126e-05,False,4,False,TRANSITION,TRANSITION,0.6,0.30,0.30
2024-08-11 00:00:00+00:00,0,CRASH,1.4800425204546555e-09,False,4,False,TRANSITION,TRANSITION,0.6,0.2924086591868929744122660782,0.2924086591868929744122660782
2024-08-12 00:00:00+00:00,2,NEUTRAL,0.9999991473418046,True,3,False,TRANSITION,TRANSITION,0.6,0.95,0.6
2024-08-13 00:00:00+00:00,2,NEUTRAL,0.9999625806561119,True,4,False,TRANSITION,TRANSITION,0.6,0.95,0.6
2024-08-14 00:00:00+00:00,2,NEUTRAL,0.9999758031448259,True,5,False,TRANSITION,TRANSITION,0.6,0.95,0.6
2024-08-15 00:00:00+00:00,2,NEUTRAL,0.9999999998126441,True,6,False,TRANSITION,TRANSITION,0.6,0.95,0.6
2024-08-16 00:00:00+00:00,2,NEUTRAL,0.9999999976898835,True,7,False,TRANSITION,TRANSITION,0.6,0.95,0.6
2024-08-17 00:00:00+00:00,2,NEUTRAL,0.9999999983956513,True,8,False,TRANSITION,TRANSITION,0.6,0.95,0.6
2024-08-18 00:00:00+00:00,2,NEUTRAL,0.999999999994543,True,9,False,TRANSITION,TRANSITION,0.6,0.95,0.6
2024-08-19 00:00:00+00:00,2,NEUTRAL,0.9999999999554348,True,10,False,TRANSITION,TRANSITION,0.6,0.95,0.6
2024-08-20 00:00:00+00:00,2,NEUTRAL,0.9999999998940439,True,11,False,TRANSITION,TRANSITION,0.6,0.95,0.6
2024-08-21 00:00:00+00:00,2,NEUTRAL,0.9999999996089173,True,12,False,TRANSITION,TRANSITION,0.6,0.95,0.6
2024-08-22 00:00:00+00:00,2,NEUTRAL,0.9999999997744453,True,13,False,TRANSITION,TRANSITION,0.6,0.95,0.6
2024-08-23 00:00:00+00:00,2,NEUTRAL,0.9998910889202942,True,14,False,TRANSITION,TRANSITION,0.6,0.95,0.6
2024-08-24 00:00:00+00:00,2,NEUTRAL,0.999995976914668,True,15,False,TRANSITION,TRANSITION,0.6,0.95,0.6
2024-08-25 00:00:00+00:00,2,NEUTRAL,0.998582303011292,True,16,False,TRANSITION,TRANSITION,0.6,0.95,0.6
2024-08-26 00:00:00+00:00,2,NEUTRAL,0.9998902010208803,True,17,False,TRANSITION,TRANSITION,0.6,0.95,0.6
2024-08-27 00:00:00+00:00,2,NEUTRAL,0.9997468519240738,True,18,False,TRANSITION,TRANSITION,0.6,0.95,0.6
2024-08-28 00:00:00+00:00,2,NEUTRAL,0.9999614177730847,True,19,False,TRANSITION,TRANSITION,0.6,0.95,0.6
2024-08-29 00:00:00+00:00,2,NEUTRAL,0.9998739277395284,True,20,False,TRANSITION,TRANSITION,0.6,0.95,0.6
2024-08-30 00:00:00+00:00,2,NEUTRAL,0.9998879444115116,True,21,False,TRANSITION,TRANSITION,0.6,0.95,0.6
2024-08-31 00:00:00+00:00,2,NEUTRAL,0.978191503403232,True,22,False,TRANSITION,TRANSITION,0.6,0.95,0.6
2024-09-01 00:00:00+00:00,2,NEUTRAL,0.9999077369780617,True,23,False,TRANSITION,TRANSITION,0.6,0.95,0.6
2024-09-02 00:00:00+00:00,2,NEUTRAL,0.9941271800937532,True,24,False,TRANSITION,TRANSITION,0.6,0.95,0.6
2024-09-03 00:00:00+00:00,2,NEUTRAL,0.998950292512185,True,25,False,TRANSITION,TRANSITION,0.6,0.95,0.6
2024-09-04 00:00:00+00:00,2,NEUTRAL,0.9998743006167878,True,26,False,TRANSITION,TRANSITION,0.6,0.95,0.6
2024-09-05 00:00:00+00:00,2,NEUTRAL,0.9997533712556123,True,27,False,TRANSITION,TRANSITION,0.6,0.95,0.6
2024-09-06 00:00:00+00:00,2,NEUTRAL,0.9999615865674386,True,28,False,TRANSITION,TRANSITION,0.6,0.95,0.6
2024-09-07 00:00:00+00:00,2,NEUTRAL,0.9999590332233016,True,29,False,TRANSITION,TRANSITION,0.6,0.95,0.6
2024-09-08 00:00:00+00:00,2,NEUTRAL,0.9999081513311666,True,30,False,TRANSITION,TRANSITION,0.6,0.95,0.6
2024-09-09 00:00:00+00:00,2,NEUTRAL,0.999136738289407,True,31,False,TRANSITION,TRANSITION,0.6,0.95,0.6
2024-09-10 00:00:00+00:00,2,NEUTRAL,0.9998281103466761,True,32,False,TRANSITION,TRANSITION,0.6,0.95,0.6
2024-09-11 00:00:00+00:00,2,NEUTRAL,0.9999668447111119,True,33,False,TRANSITION,TRANSITION,0.6,0.95,0.6
2024-09-12 00:00:00+00:00,2,NEUTRAL,0.9998576808750058,True,34,False,TRANSITION,TRANSITION,0.6,0.95,0.6
2024-09-13 00:00:00+00:00,2,NEUTRAL,0.986781089704644,True,35,False,TRANSITION,TRANSITION,0.6,0.95,0.6
2024-09-14 00:00:00+00:00,2,NEUTRAL,0.9911277603073657,True,36,False,TRANSITION,TRANSITION,0.6,0.95,0.6
2024-09-15 00:00:00+00:00,2,NEUTRAL,0.9984033615727648,True,37,False,TRANSITION,TRANSITION,0.6,0.95,0.6
2024-09-16 00:00:00+00:00,2,NEUTRAL,0.9999971008597829,True,38,False,TRANSITION,TRANSITION,0.6,0.95,0.6
2024-09-17 00:00:00+00:00,2,NEUTRAL,0.999702326786219,True,39,False,TRANSITION,TRANSITION,0.6,0.95,0.6
2024-09-18 00:00:00+00:00,2,NEUTRAL,0.998218033394075,True,40,False,TRANSITION,TRANSITION,0.6,0.95,0.6
2024-09-19 00:00:00+00:00,2,NEUTRAL,0.997536564454898,True,41,False,TRANSITION,TRANSITION,0.6,0.95,0.6
2024-09-20 00:00:00+00:00,2,NEUTRAL,0.9875237233979052,True,42,False,TRANSITION,TRANSITION,0.6,0.95,0.6
2024-09-21 00:00:00+00:00,2,NEUTRAL,0.7693226992608475,True,43,False,TRANSITION,TRANSITION,0.6,0.95,0.6
2024-09-22 00:00:00+00:00,2,NEUTRAL,0.9990655303140792,True,44,False,TRANSITION,TRANSITION,0.6,0.95,0.6
2024-09-23 00:00:00+00:00,2,NEUTRAL,0.999999965680218,True,45,False,TRANSITION,TRANSITION,0.6,0.95,0.6
2024-09-24 00:00:00+00:00,2,NEUTRAL,0.9999999073925253,True,46,False,TRANSITION,TRANSITION,0.6,0.95,0.6
2024-09-25 00:00:00+00:00,2,NEUTRAL,0.9999982307224136,True,47,False,TRANSITION,TRANSITION,0.6,0.95,0.6
2024-09-26 00:00:00+00:00,2,NEUTRAL,0.9994708378134354,True,48,False,BULL_STRUCTURE,TRANSITION,0.6,0.95,0.6
2024-09-27 00:00:00+00:00,2,NEUTRAL,0.9999173480826135,True,49,False,BULL_STRUCTURE,TRANSITION,0.6,0.95,0.6
2024-09-28 00:00:00+00:00,2,NEUTRAL,0.99997668376898,True,50,False,BULL_STRUCTURE,TRANSITION,0.6,0.95,0.6
2024-09-29 00:00:00+00:00,2,NEUTRAL,0.9999997270352114,True,51,False,BULL_STRUCTURE,TRANSITION,0.6,0.95,0.6
2024-09-30 00:00:00+00:00,2,NEUTRAL,0.999999989706339,True,52,False,BULL_STRUCTURE,BULL_STRUCTURE,1.0,0.95,0.95
2024-10-01 00:00:00+00:00,2,NEUTRAL,0.9999999725741876,True,53,False,BEAR_STRUCTURE,BULL_STRUCTURE,0.3,0.9484930524688086714742770244,0.3
2024-10-02 00:00:00+00:00,2,NEUTRAL,0.9999974769784781,True,54,False,BEAR_STRUCTURE,BULL_STRUCTURE,0.3,0.95,0.3
2024-10-03 00:00:00+00:00,2,NEUTRAL,0.9999633497104461,True,55,False,BEAR_STRUCTURE,BULL_STRUCTURE,0.3,0.95,0.3
2024-10-04 00:00:00+00:00,2,NEUTRAL,0.9997491037477898,True,56,False,BEAR_STRUCTURE,BULL_STRUCTURE,0.3,0.95,0.3
2024-10-05 00:00:00+00:00,2,NEUTRAL,0.9983007652851247,True,57,False,BEAR_STRUCTURE,BEAR_STRUCTURE,0.3,0.95,0.3
2024-10-06 00:00:00+00:00,2,NEUTRAL,0.9653120735438563,True,58,False,BEAR_STRUCTURE,BEAR_STRUCTURE,0.3,0.95,0.3
2024-10-07 00:00:00+00:00,2,NEUTRAL,0.9460821387523521,True,59,False,BEAR_STRUCTURE,BEAR_STRUCTURE,0.3,0.95,0.3
2024-10-08 00:00:00+00:00,2,NEUTRAL,0.7480559104873921,True,60,False,BEAR_STRUCTURE,BEAR_STRUCTURE,0.3,0.95,0.3
2024-10-09 00:00:00+00:00,2,NEUTRAL,0.9445777773175776,True,61,False,BEAR_STRUCTURE,BEAR_STRUCTURE,0.3,0.95,0.3
2024-10-10 00:00:00+00:00,2,NEUTRAL,0.9892905315533919,True,62,False,BEAR_STRUCTURE,BEAR_STRUCTURE,0.3,0.95,0.3
2024-10-11 00:00:00+00:00,2,NEUTRAL,0.5394077630555342,True,63,False,BEAR_STRUCTURE,BEAR_STRUCTURE,0.3,0.3076217904121065222339522157,0.3
2024-10-12 00:00:00+00:00,2,NEUTRAL,0.016135057661081306,False,63,False,BEAR_STRUCTURE,BEAR_STRUCTURE,0.3,0.3022320870365604513803220928,0.3
2024-10-13 00:00:00+00:00,2,NEUTRAL,0.0011384636279117405,False,63,False,BEAR_STRUCTURE,BEAR_STRUCTURE,0.3,0.2988816402018814891392219070,0.2988816402018814891392219070
2024-10-14 00:00:00+00:00,4,EUPHORIA,0.9999995158706305,True,3,False,TRANSITION,BEAR_STRUCTURE,0.3,0.3094328766753525956593898527,0.3
2024-10-15 00:00:00+00:00,4,EUPHORIA,0.9999999921192284,True,4,False,TRANSITION,BEAR_STRUCTURE,0.3,0.3031348639770834003033095447,0.3
2024-10-16 00:00:00+00:00,4,EUPHORIA,0.9999704737413472,True,5,False,TRANSITION,BEAR_STRUCTURE,0.3,0.3017048567978397566276898821,0.3
2024-10-17 00:00:00+00:00,4,EUPHORIA,0.9999578721960529,True,6,False,TRANSITION,BEAR_STRUCTURE,0.3,0.2993831262904034060216714430,0.2993831262904034060216714430
2024-10-18 00:00:00+00:00,4,EUPHORIA,0.9999993211633894,True,7,False,TRANSITION,TRANSITION,0.6,0.3024996074566326460653658737,0.3024996074566326460653658737
2024-10-19 00:00:00+00:00,4,EUPHORIA,0.9999938901815062,True,8,False,TRANSITION,TRANSITION,0.6,0.3023454013990121446321372311,0.3023454013990121446321372311
2024-10-20 00:00:00+00:00,4,EUPHORIA,0.9999390580204224,True,9,False,TRANSITION,TRANSITION,0.6,0.3043570146671103483754128595,0.3043570146671103483754128595
2024-10-21 00:00:00+00:00,1,BEAR,0.9734591171354178,True,1,False,TRANSITION,TRANSITION,0.6,0.95,0.6
2024-10-22 00:00:00+00:00,1,BEAR,0.9907027793851716,True,2,False,TRANSITION,TRANSITION,0.6,0.95,0.6
2024-10-23 00:00:00+00:00,1,BEAR,0.9981344837079129,True,3,False,TRANSITION,TRANSITION,0.6,0.95,0.6
2024-10-24 00:00:00+00:00,1,BEAR,0.96925337603794,True,4,False,TRANSITION,TRANSITION,0.6,0.95,0.6
2024-10-25 00:00:00+00:00,1,BEAR,0.9302054037185126,True,5,False,TRANSITION,TRANSITION,0.6,0.95,0.6
2024-10-26 00:00:00+00:00,1,BEAR,0.9428095913914076,True,6,False,TRANSITION,TRANSITION,0.6,0.95,0.6
2024-10-27 00:00:00+00:00,1,BEAR,0.9015429671524375,True,7,False,TRANSITION,TRANSITION,0.6,0.95,0.6
2024-10-28 00:00:00+00:00,1,BEAR,0.2656015102100599,False,7,False,TRANSITION,TRANSITION,0.6,0.6067336611261958898226763665,0.6
2024-10-29 00:00:00+00:00,1,BEAR,0.0009199907128873924,False,7,False,TRANSITION,TRANSITION,0.6,0.6092996344475920854967530423,0.6
2024-10-30 00:00:00+00:00,2,BULL,0.8125898393833643,True,3,False,TRANSITION,TRANSITION,0.6,0.5987095603122670613505146838,0.5987095603122670613505146838
2024-10-31 00:00:00+00:00,2,BULL,0.30738524681152635,False,3,False,TRANSITION,TRANSITION,0.6,0.25,0.25
2024-11-01 00:00:00+00:00,2,BULL,0.0994114717759995,False,3,False,TRANSITION,TRANSITION,0.6,0.2479809586276234309358451042,0.2479809586276234309358451042
2024-11-02 00:00:00+00:00,3,CRASH,0.9257281016650247,True,3,False,TRANSITION,TRANSITION,0.6,0.95,0.6
2024-11-03 00:00:00+00:00,3,CRASH,0.2632081897054255,False,3,False,TRANSITION,TRANSITION,0.6,0.5981918952875553758567638600,0.5981918952875553758567638600
2024-11-04 00:00:00+00:00,3,CRASH,0.00080646513809231,False,3,False,TRANSITION,TRANSITION,0.6,0.5949295051833597780364278493,0.5949295051833597780364278493
2024-11-05 00:00:00+00:00,3,CRASH,0.580885103723833,True,4,False,TRANSITION,TRANSITION,0.6,0.95,0.6
2024-11-06 00:00:00+00:00,3,CRASH,0.9999999475853669,True,5,False,BULL_STRUCTURE,TRANSITION,0.6,0.95,0.6
2024-11-07 00:00:00+00:00,3,CRASH,0.9999999986057446,True,6,False,BULL_STRUCTURE,TRANSITION,0.6,0.95,0.6
2024-11-08 00:00:00+00:00,3,CRASH,0.9999957572294045,True,7,False,BULL_STRUCTURE,TRANSITION,0.6,0.95,0.6
2024-11-09 00:00:00+00:00,3,CRASH,0.9997792458883409,True,8,False,BULL_STRUCTURE,TRANSITION,0.6,0.95,0.6
2024-11-10 00:00:00+00:00,3,CRASH,0.9926358936822679,True,9,False,BULL_STRUCTURE,BULL_STRUCTURE,1.0,0.95,0.95
2024-11-11 00:00:00+00:00,3,CRASH,0.7784621537725046,True,10,False,BULL_STRUCTURE,BULL_STRUCTURE,1.0,0.9548378499326486649555182144,0.9548378499326486649555182144
2024-11-12 00:00:00+00:00,3,CRASH,0.8452174890636318,True,11,False,BULL_STRUCTURE,BULL_STRUCTURE,1.0,0.9544967355371430351754968299,0.9544967355371430351754968299
2024-11-13 00:00:00+00:00,3,CRASH,0.8967574833647612,True,12,False,BULL_STRUCTURE,BULL_STRUCTURE,1.0,0.9556627001963482624249615355,0.9556627001963482624249615355
2024-11-14 00:00:00+00:00,3,CRASH,0.47783595987299804,False,12,False,BULL_STRUCTURE,BULL_STRUCTURE,1.0,0.475,0.475
2024-11-15 00:00:00+00:00,3,CRASH,0.00367245118674528,False,12,False,BULL_STRUCTURE,BULL_STRUCTURE,1.0,0.4856707828025086181565916274,0.4856707828025086181565916274
2024-11-16 00:00:00+00:00,3,CRASH,1.2566255841950766e-06,False,12,False,BULL_STRUCTURE,BULL_STRUCTURE,1.0,0.4844463702141194736014754018,0.4844463702141194736014754018
2024-11-17 00:00:00+00:00,3,CRASH,2.9436610688806543e-08,False,12,False,BULL_STRUCTURE,BULL_STRUCTURE,1.0,0.4824232075836700570639508837,0.4824232075836700570639508837
2024-11-18 00:00:00+00:00,0,EUPHORIA,0.999952734064419,True,3,False,BULL_STRUCTURE,BULL_STRUCTURE,1.0,0.95,0.95
2024-11-19 00:00:00+00:00,0,EUPHORIA,0.999999941457192,True,4,False,BULL_STRUCTURE,BULL_STRUCTURE,1.0,0.9515159561241958969338592509,0.9515159561241958969338592509
2024-11-20 00:00:00+00:00,0,EUPHORIA,0.9999999999986358,True,5,False,BULL_STRUCTURE,BULL_STRUCTURE,1.0,0.9524836610817134506929501754,0.9524836610817134506929501754
2024-11-21 00:00:00+00:00,0,EUPHORIA,1.0,True,6,False,BULL_STRUCTURE,BULL_STRUCTURE,1.0,0.9543426789318888907189459247,0.9543426789318888907189459247
2024-11-22 00:00:00+00:00,0,EUPHORIA,1.0,True,7,False,BULL_STRUCTURE,BULL_STRUCTURE,1.0,0.9545960436253461000166424347,0.9545960436253461000166424347
2024-11-23 00:00:00+00:00,0,EUPHORIA,1.0,True,8,False,BULL_STRUCTURE,BULL_STRUCTURE,1.0,0.9540551489155988557480632849,0.9540551489155988557480632849
2024-11-24 00:00:00+00:00,0,EUPHORIA,1.0,True,9,False,BULL_STRUCTURE,BULL_STRUCTURE,1.0,0.9541570837061257348704418219,0.9541570837061257348704418219
2024-11-25 00:00:00+00:00,0,EUPHORIA,1.0,True,10,False,BULL_STRUCTURE,BULL_STRUCTURE,1.0,0.9518628985301636246865885544,0.9518628985301636246865885544
2024-11-26 00:00:00+00:00,0,EUPHORIA,1.0,True,11,False,BULL_STRUCTURE,BULL_STRUCTURE,1.0,0.9513426061092962427075393534,0.9513426061092962427075393534
2024-11-27 00:00:00+00:00,0,EUPHORIA,1.0,True,12,False,BULL_STRUCTURE,BULL_STRUCTURE,1.0,0.9532285581259231838590117910,0.9532285581259231838590117910
2024-11-28 00:00:00+00:00,0,EUPHORIA,1.0,True,13,False,BULL_STRUCTURE,BULL_STRUCTURE,1.0,0.9531264229204983026680989703,0.9531264229204983026680989703
2024-11-29 00:00:00+00:00,0,EUPHORIA,1.0,True,14,False,BULL_STRUCTURE,BULL_STRUCTURE,1.0,0.9539596287757755828374098096,0.9539596287757755828374098096
2024-11-30 00:00:00+00:00,0,EUPHORIA,0.999999999994543,True,15,False,BULL_STRUCTURE,BULL_STRUCTURE,1.0,0.9534806045037857034062287415,0.9534806045037857034062287415
2024-12-01 00:00:00+00:00,0,EUPHORIA,0.9999999999863576,True,16,False,BULL_STRUCTURE,BULL_STRUCTURE,1.0,0.9538354462278837935821745047,0.9538354462278837935821745047
2024-12-02 00:00:00+00:00,0,EUPHORIA,0.999999999996362,True,17,False,BULL_STRUCTURE,BULL_STRUCTURE,1.0,0.9532180961701922535020676379,0.9532180961701922535020676379
2024-12-03 00:00:00+00:00,0,EUPHORIA,0.9999999993324309,True,18,False,BULL_STRUCTURE,BULL_STRUCTURE,1.0,0.9532223159390954611459695152,0.9532223159390954611459695152
2024-12-04 00:00:00+00:00,0,EUPHORIA,0.9999999981268957,True,19,False,BULL_STRUCTURE,BULL_STRUCTURE,1.0,0.9544621144242235760255841385,0.9544621144242235760255841385
2024-12-05 00:00:00+00:00,0,EUPHORIA,0.9999999995561666,True,20,False,BULL_STRUCTURE,BULL_STRUCTURE,1.0,0.9537266533413464524935150537,0.9537266533413464524935150537
2024-12-06 00:00:00+00:00,0,EUPHORIA,0.9999999997357918,True,21,False,BULL_STRUCTURE,BULL_STRUCTURE,1.0,0.9549650501034444745932642371,0.9549650501034444745932642371
2024-12-07 00:00:00+00:00,0,EUPHORIA,0.9999999985261638,True,22,False,BULL_STRUCTURE,BULL_STRUCTURE,1.0,0.9550043183911351307002910050,0.9550043183911351307002910050
2024-12-08 00:00:00+00:00,0,EUPHORIA,0.9999999987335286,True,23,False,BULL_STRUCTURE,BULL_STRUCTURE,1.0,0.9555476008903085894017288838,0.9555476008903085894017288838
2024-12-09 00:00:00+00:00,0,EUPHORIA,0.9999999998972271,True,24,False,BULL_STRUCTURE,BULL_STRUCTURE,1.0,0.9538767715568902542276049773,0.9538767715568902542276049773
2024-12-10 00:00:00+00:00,0,EUPHORIA,0.9999999949232006,True,25,False,BULL_STRUCTURE,BULL_STRUCTURE,1.0,0.9535655683515489564431707161,0.9535655683515489564431707161
2024-12-11 00:00:00+00:00,0,EUPHORIA,0.9999999990163815,True,26,False,BULL_STRUCTURE,BULL_STRUCTURE,1.0,0.9555540737259177400939264467,0.9555540737259177400939264467
2024-12-12 00:00:00+00:00,0,EUPHORIA,0.9999999991573532,True,27,False,BULL_STRUCTURE,BULL_STRUCTURE,1.0,0.9550783601090519729633650318,0.9550783601090519729633650318
2024-12-13 00:00:00+00:00,0,EUPHORIA,0.9999999990627657,True,28,False,BULL_STRUCTURE,BULL_STRUCTURE,1.0,0.9556793983872551617167759520,0.9556793983872551617167759520
2024-12-14 00:00:00+00:00,0,EUPHORIA,0.9999995931676412,True,29,False,BULL_STRUCTURE,BULL_STRUCTURE,1.0,0.9556776234525215605590083355,0.9556776234525215605590083355
2024-12-15 00:00:00+00:00,0,EUPHORIA,0.9999998716070959,True,30,False,BULL_STRUCTURE,BULL_STRUCTURE,1.0,0.9569134921395636928439975878,0.9569134921395636928439975878
2024-12-16 00:00:00+00:00,0,EUPHORIA,0.999999917127301,True,31,False,BULL_STRUCTURE,BULL_STRUCTURE,1.0,0.9575338183132198789060960551,0.9575338183132198789060960551
2024-12-17 00:00:00+00:00,0,EUPHORIA,0.9999999273482016,True,32,False,BULL_STRUCTURE,BULL_STRUCTURE,1.0,0.9575625844258965536309734033,0.9575625844258965536309734033
2024-12-18 00:00:00+00:00,0,EUPHORIA,0.9999999996252882,True,33,False,BULL_STRUCTURE,BULL_STRUCTURE,1.0,0.9551638805534733747354804105,0.9551638805534733747354804105
2024-12-19 00:00:00+00:00,0,EUPHORIA,0.9999999943215698,True,34,False,BULL_STRUCTURE,BULL_STRUCTURE,1.0,0.9539604669753636162610108843,0.9539604669753636162610108843
2024-12-20 00:00:00+00:00,0,EUPHORIA,0.9999978778382463,True,35,False,BULL_STRUCTURE,BULL_STRUCTURE,1.0,0.9541147778015837614382743634,0.9541147778015837614382743634
2024-12-21 00:00:00+00:00,0,EUPHORIA,0.999814576539815,True,36,False,BULL_STRUCTURE,BULL_STRUCTURE,1.0,0.9538837898224552242645208936,0.9538837898224552242645208936
2024-12-22 00:00:00+00:00,0,EUPHORIA,0.9976261634940324,True,37,False,BULL_STRUCTURE,BULL_STRUCTURE,1.0,0.9529116414447388427581386955,0.9529116414447388427581386955
2024-12-23 00:00:00+00:00,0,EUPHORIA,0.9924129138536713,True,38,False,BULL_STRUCTURE,BULL_STRUCTURE,1.0,0.9527675181928981922902350490,0.9527675181928981922902350490
2024-12-24 00:00:00+00:00,0,EUPHORIA,0.7369645554523013,True,39,False,BULL_STRUCTURE,BULL_STRUCTURE,1.0,0.9544957103624187512019237194,0.9544957103624187512019237194
2024-12-25 00:00:00+00:00,0,EUPHORIA,0.04416755087497995,False,39,False,BULL_STRUCTURE,BULL_STRUCTURE,1.0,0.475,0.475
2024-12-26 00:00:00+00:00,0,EUPHORIA,0.00026600348446935326,False,39,False,BULL_STRUCTURE,BULL_STRUCTURE,1.0,0.4660100307468261631075437969,0.4660100307468261631075437969
2024-12-27 00:00:00+00:00,3,CRASH,0.999955099656166,True,3,False,BULL_STRUCTURE,BULL_STRUCTURE,1.0,0.95,0.95
2024-12-28 00:00:00+00:00,3,CRASH,0.998847821157825,True,4,False,BULL_STRUCTURE,BULL_STRUCTURE,1.0,0.9510961279193466449400515907,0.9510961279193466449400515907
2024-12-29 00:00:00+00:00,3,CRASH,0.9996331303351139,True,5,False,BULL_STRUCTURE,BULL_STRUCTURE,1.0,0.9503218038678681568434056889,0.9503218038678681568434056889
2024-12-30 00:00:00+00:00,3,CRASH,0.9990154991690774,True,6,False,BULL_STRUCTURE,BULL_STRUCTURE,1.0,0.60,0.60
2024-12-31 00:00:00+00:00,3,CRASH,0.999574623680284,True,7,False,BULL_STRUCTURE,BULL_STRUCTURE,1.0,0.95,0.95
2025-01-01 00:00:00+00:00,3,CRASH,0.999535401436845,True,8,False,BULL_STRUCTURE,BULL_STRUCTURE,1.0,0.9509342197232958139467953635,0.9509342197232958139467953635
2025-01-02 00:00:00+00:00,3,CRASH,0.9986025966392875,True,9,False,BULL_STRUCTURE,BULL_STRUCTURE,1.0,0.9520868614850262577801044800,0.9520868614850262577801044800
2025-01-03 00:00:00+00:00,3,CRASH,0.9988491747449302,True,10,False,BULL_STRUCTURE,BULL_STRUCTURE,1.0,0.9526398426784388312322152786,0.9526398426784388312322152786
2025-01-04 00:00:00+00:00,3,CRASH,0.9982187634671303,True,11,False,BULL_STRUCTURE,BULL_STRUCTURE,1.0,0.9526611200504912409162365889,0.9526611200504912409162365889
2025-01-05 00:00:00+00:00,3,CRASH,0.9961228547496972,True,12,False,BULL_STRUCTURE,BULL_STRUCTURE,1.0,0.9527267378790308907854543490,0.9527267378790308907854543490
2025-01-06 00:00:00+00:00,3,CRASH,0.9885771422897995,True,13,False,BULL_STRUCTURE,BULL_STRUCTURE,1.0,0.9544355497645931447378603574,0.9544355497645931447378603574
2025-01-07 00:00:00+00:00,3,CRASH,0.8284912824637654,True,14,False,BULL_STRUCTURE,BULL_STRUCTURE,1.0,0.9520726619054305628996761688,0.9520726619054305628996761688
2025-01-08 00:00:00+00:00,3,CRASH,0.9879882583457759,True,15,False,BULL_STRUCTURE,BULL_STRUCTURE,1.0,0.9511643850096798010586622578,0.9511643850096798010586622578
2025-01-09 00:00:00+00:00,3,CRASH,0.9982546843461343,True,16,False,BULL_STRUCTURE,BULL_STRUCTURE,1.0,0.60,0.60
2025-01-10 00:00:00+00:00,3,CRASH,0.9998924847708361,True,17,False,BULL_STRUCTURE,BULL_STRUCTURE,1.0,0.95,0.95
2025-01-11 00:00:00+00:00,3,CRASH,0.9999852451425669,True,18,False,BULL_STRUCTURE,BULL_STRUCTURE,1.0,0.9503610261188053755910626203,0.9503610261188053755910626203
2025-01-12 00:00:00+00:00,3,CRASH,0.9999750531989251,True,19,False,BULL_STRUCTURE,BULL_STRUCTURE,1.0,0.9503336186047482502266010672,0.9503336186047482502266010672
2025-01-13 00:00:00+00:00,3,CRASH,0.9999211901074089,True,20,False,BULL_STRUCTURE,BULL_STRUCTURE,1.0,0.9503291451103735320481169692,0.9503291451103735320481169692
2025-01-14 00:00:00+00:00,3,CRASH,0.9998223533593135,True,21,False,BULL_STRUCTURE,BULL_STRUCTURE,1.0,0.9513199786059198767006741551,0.9513199786059198767006741551
2025-01-15 00:00:00+00:00,3,CRASH,0.9999657326735044,True,22,False,BULL_STRUCTURE,BULL_STRUCTURE,1.0,0.9531374217096803335637157657,0.9531374217096803335637157657
2025-01-16 00:00:00+00:00,3,CRASH,0.9996832274790053,True,23,False,BULL_STRUCTURE,BULL_STRUCTURE,1.0,0.9529096258617843878316892709,0.9529096258617843878316892709
2025-01-17 00:00:00+00:00,3,CRASH,0.9995608452302435,True,24,False,BULL_STRUCTURE,BULL_STRUCTURE,1.0,0.9546763712535869605414073900,0.9546763712535869605414073900
2025-01-18 00:00:00+00:00,3,CRASH,0.9966880105457928,True,25,False,BULL_STRUCTURE,BULL_STRUCTURE,1.0,0.9548745375796463189870902365,0.9548745375796463189870902365
2025-01-19 00:00:00+00:00,3,CRASH,0.997414969674612,True,26,False,BULL_STRUCTURE,BULL_STRUCTURE,1.0,0.9535052838633434652982488912,0.9535052838633434652982488912
2025-01-20 00:00:00+00:00,3,CRASH,0.8909001873281716,True,27,False,BULL_STRUCTURE,BULL_STRUCTURE,1.0,0.9539079620334366084116458280,0.9539079620334366084116458280
2025-01-21 00:00:00+00:00,3,CRASH,0.9710020708841269,True,28,False,BULL_STRUCTURE,BULL_STRUCTURE,1.0,0.9555194560885056576322921719,0.9555194560885056576322921719
2025-01-22 00:00:00+00:00,3,CRASH,0.9942654231278414,True,29,False,BULL_STRUCTURE,BULL_STRUCTURE,1.0,0.9545216795677905798483543193,0.9545216795677905798483543193
2025-01-23 00:00:00+00:00,3,CRASH,0.9644639242651604,True,30,False,BULL_STRUCTURE,BULL_STRUCTURE,1.0,0.9546067774106181173960316104,0.9546067774106181173960316104
2025-01-24 00:00:00+00:00,3,CRASH,0.3753611279334256,False,30,False,BULL_STRUCTURE,BULL_STRUCTURE,1.0,0.475,0.475
2025-01-25 00:00:00+00:00,3,CRASH,0.03983735753824341,False,30,False,BULL_STRUCTURE,BULL_STRUCTURE,1.0,0.4750010730967934114367769624,0.4750010730967934114367769624
2025-01-26 00:00:00+00:00,1,BEAR,0.9997927153118242,True,3,False,BULL_STRUCTURE,BULL_STRUCTURE,1.0,0.95,0.95
2025-01-27 00:00:00+00:00,1,BEAR,0.9999999635228967,True,4,False,BULL_STRUCTURE,BULL_STRUCTURE,1.0,0.9503447329456437936646854392,0.9503447329456437936646854392
2025-01-28 00:00:00+00:00,1,BEAR,0.9999992919527136,True,5,False,BULL_STRUCTURE,BULL_STRUCTURE,1.0,0.9499968552513632114700203608,0.9499968552513632114700203608
2025-01-29 00:00:00+00:00,1,BEAR,0.9999078790985164,True,6,False,BULL_STRUCTURE,BULL_STRUCTURE,1.0,0.9510961198738463674659832287,0.9510961198738463674659832287
2025-01-30 00:00:00+00:00,1,BEAR,0.9999783015021807,True,7,False,BULL_STRUCTURE,BULL_STRUCTURE,1.0,0.9515358945708840122840838625,0.9515358945708840122840838625
2025-01-31 00:00:00+00:00,1,BEAR,0.9999918754813628,True,8,False,BULL_STRUCTURE,BULL_STRUCTURE,1.0,0.9505044994052475494543167126,0.9505044994052475494543167126
2025-02-01 00:00:00+00:00,1,BEAR,0.999965874521178,True,9,False,BULL_STRUCTURE,BULL_STRUCTURE,1.0,0.9496666119556605594599859860,0.9496666119556605594599859860
2025-02-02 00:00:00+00:00,1,BEAR,0.9986635802763673,True,10,False,BULL_STRUCTURE,BULL_STRUCTURE,1.0,0.9482328041587911169491692804,0.9482328041587911169491692804
2025-02-03 00:00:00+00:00,1,BEAR,0.9930193669108582,True,11,False,BULL_STRUCTURE,BULL_STRUCTURE,1.0,0.9499935736613111863440229965,0.9499935736613111863440229965
2025-02-04 00:00:00+00:00,1,BEAR,0.998458955258086,True,12,False,BULL_STRUCTURE,BULL_STRUCTURE,1.0,0.9482642068434301083904832701,0.9482642068434301083904832701
2025-02-05 00:00:00+00:00,1,BEAR,0.9994055787295903,True,13,False,BULL_STRUCTURE,BULL_STRUCTURE,1.0,0.9476802482576632380422204328,0.9476802482576632380422204328
2025-02-06 00:00:00+00:00,1,BEAR,0.9819332890472159,True,14,False,BULL_STRUCTURE,BULL_STRUCTURE,1.0,0.9476504240716736976119418694,0.9476504240716736976119418694
2025-02-07 00:00:00+00:00,1,BEAR,0.9387537924354289,True,15,False,BULL_STRUCTURE,BULL_STRUCTURE,1.0,0.9476259817343531062829517751,0.9476259817343531062829517751
2025-02-08 00:00:00+00:00,1,BEAR,0.8862814920589505,True,16,False,BULL_STRUCTURE,BULL_STRUCTURE,1.0,0.9475940464017684274607087318,0.9475940464017684274607087318
2025-02-09 00:00:00+00:00,1,BEAR,0.7245630761462809,True,17,False,BULL_STRUCTURE,BULL_STRUCTURE,1.0,0.9476033181424135679915589960,0.9476033181424135679915589960
2025-02-10 00:00:00+00:00,1,BEAR,0.21262056841761517,False,17,False,BULL_STRUCTURE,BULL_STRUCTURE,1.0,0.475,0.475
2025-02-11 00:00:00+00:00,1,BEAR,0.020892007974354535,False,17,False,BULL_STRUCTURE,BULL_STRUCTURE,1.0,0.4710266566403182818462653539,0.4710266566403182818462653539
2025-02-12 00:00:00+00:00,2,BULL,0.9997937707722501,True,3,False,BULL_STRUCTURE,BULL_STRUCTURE,1.0,0.4764128983250976188454466433,0.4764128983250976188454466433
2025-02-13 00:00:00+00:00,2,BULL,0.9997470324603681,True,4,False,BULL_STRUCTURE,BULL_STRUCTURE,1.0,0.4731769133414385197371016101,0.4731769133414385197371016101
2025-02-14 00:00:00+00:00,2,BULL,0.9998198667645825,True,5,False,BULL_STRUCTURE,BULL_STRUCTURE,1.0,0.4754694220711956068118528350,0.4754694220711956068118528350
2025-02-15 00:00:00+00:00,2,BULL,0.99959500620097,True,6,False,BULL_STRUCTURE,BULL_STRUCTURE,1.0,0.4756463191727767369220151201,0.4756463191727767369220151201
2025-02-16 00:00:00+00:00,2,BULL,0.9994148326012164,True,7,False,BULL_STRUCTURE,BULL_STRUCTURE,1.0,0.4719094598850748272039766593,0.4719094598850748272039766593
2025-02-17 00:00:00+00:00,2,BULL,0.9985229509990632,True,8,False,BULL_STRUCTURE,BULL_STRUCTURE,1.0,0.4710313391778016993237741427,0.4710313391778016993237741427
2025-02-18 00:00:00+00:00,2,BULL,0.9998882456156346,True,9,False,BULL_STRUCTURE,BULL_STRUCTURE,1.0,0.4707495630359560984328011796,0.4707495630359560984328011796
2025-02-19 00:00:00+00:00,2,BULL,0.9999845879861686,True,10,False,BULL_STRUCTURE,BULL_STRUCTURE,1.0,0.4732703819762906151082880702,0.4732703819762906151082880702
2025-02-20 00:00:00+00:00,2,BULL,0.9999938068354697,True,11,False,BULL_STRUCTURE,BULL_STRUCTURE,1.0,0.4775192761943771112683482168,0.4775192761943771112683482168
2025-02-21 00:00:00+00:00,2,BULL,0.9999917123884733,True,12,False,BULL_STRUCTURE,BULL_STRUCTURE,1.0,0.4720749814461493158739656034,0.4720749814461493158739656034
2025-02-22 00:00:00+00:00,2,BULL,0.9999945656356755,True,13,False,BULL_STRUCTURE,BULL_STRUCTURE,1.0,0.4730294580408515505610594062,0.4730294580408515505610594062
2025-02-23 00:00:00+00:00,2,BULL,0.9999991035883266,True,14,False,BULL_STRUCTURE,BULL_STRUCTURE,1.0,0.4722718858222360236766826912,0.4722718858222360236766826912
2025-02-24 00:00:00+00:00,2,BULL,0.9999999997817213,True,15,False,BULL_STRUCTURE,BULL_STRUCTURE,1.0,0.4598015162588408387770308083,0.4598015162588408387770308083
2025-02-25 00:00:00+00:00,2,BULL,0.9999999995620783,True,16,False,BULL_STRUCTURE,BULL_STRUCTURE,1.0,0.4518943719750113318780950965,0.4518943719750113318780950965
2025-02-26 00:00:00+00:00,2,BULL,0.9999999933879735,True,17,False,BULL_STRUCTURE,BULL_STRUCTURE,1.0,0.4392346378454599046099383938,0.4392346378454599046099383938
2025-02-27 00:00:00+00:00,2,BULL,0.9999999097144651,True,18,False,BULL_STRUCTURE,BULL_STRUCTURE,1.0,0.4405718502332187371049769352,0.4405718502332187371049769352
2025-02-28 00:00:00+00:00,2,BULL,0.9999999998285602,True,19,False,BULL_STRUCTURE,BULL_STRUCTURE,1.0,0.4395264003224476995089559013,0.4395264003224476995089559013
2025-03-01 00:00:00+00:00,2,BULL,0.9999999728693186,True,20,False,BULL_STRUCTURE,BULL_STRUCTURE,1.0,0.4444894971611503245738084851,0.4444894971611503245738084851
2025-03-02 00:00:00+00:00,2,BULL,0.9999999331967069,True,21,False,BULL_STRUCTURE,BULL_STRUCTURE,1.0,0.4670738572273241306209117782,0.4670738572273241306209117782
2025-03-03 00:00:00+00:00,2,BULL,0.9999999947376637,True,22,False,BULL_STRUCTURE,BULL_STRUCTURE,1.0,0.4449369290079985787592264177,0.4449369290079985787592264177
2025-03-04 00:00:00+00:00,2,BULL,0.9999352811039636,True,23,False,BULL_STRUCTURE,BULL_STRUCTURE,1.0,0.4479605287599564100545231246,0.4479605287599564100545231246
2025-03-05 00:00:00+00:00,2,BULL,0.5191513971207052,True,24,False,BULL_STRUCTURE,BULL_STRUCTURE,1.0,0.4572203719598901992806351792,0.4572203719598901992806351792
2025-03-06 00:00:00+00:00,2,BULL,0.007017172934374934,False,24,False,BULL_STRUCTURE,BULL_STRUCTURE,1.0,0.4553676544361810530409163420,0.4553676544361810530409163420
2025-03-07 00:00:00+00:00,2,BULL,0.9868211167481896,True,25,False,BULL_STRUCTURE,BULL_STRUCTURE,1.0,0.4465965540908938053064777942,0.4465965540908938053064777942
2025-03-08 00:00:00+00:00,2,BULL,0.9999701416296641,True,26,False,BULL_STRUCTURE,BULL_STRUCTURE,1.0,0.4449421994057877119382894181,0.4449421994057877119382894181
2025-03-09 00:00:00+00:00,2,BULL,0.9999988180382098,True,27,False,TRANSITION,BULL_STRUCTURE,0.6,0.4287644195222429024575859562,0.4287644195222429024575859562
2025-03-10 00:00:00+00:00,2,BULL,0.9999999570027294,True,28,False,TRANSITION,BULL_STRUCTURE,0.6,0.4222022505433951363599418641,0.4222022505433951363599418641
2025-03-11 00:00:00+00:00,2,BULL,0.9999994024230512,True,29,False,TRANSITION,BULL_STRUCTURE,0.6,0.4353574345646403300334949122,0.4353574345646403300334949122
2025-03-12 00:00:00+00:00,2,BULL,0.9999990574215084,True,30,False,TRANSITION,BULL_STRUCTURE,0.6,0.4375633478265361861247391078,0.4375633478265361861247391078
2025-03-13 00:00:00+00:00,2,BULL,0.9999994615310783,True,31,False,TRANSITION,TRANSITION,0.6,0.4299191716989393039123540438,0.4299191716989393039123540438
2025-03-14 00:00:00+00:00,2,BULL,0.9999989916846598,True,32,False,TRANSITION,TRANSITION,0.6,0.4384532900406131252171422877,0.4384532900406131252171422877
2025-03-15 00:00:00+00:00,2,BULL,0.9999872869437725,True,33,False,TRANSITION,TRANSITION,0.6,0.4394928127037315193667290843,0.4394928127037315193667290843
2025-03-16 00:00:00+00:00,2,BULL,0.9730691764332142,True,34,False,TRANSITION,TRANSITION,0.6,0.4342929215995652289902229402,0.4342929215995652289902229402
2025-03-17 00:00:00+00:00,2,BULL,0.9794635608018426,True,35,False,TRANSITION,TRANSITION,0.6,0.4385319360419418042125627090,0.4385319360419418042125627090
2025-03-18 00:00:00+00:00,2,BULL,0.9308454935625681,True,36,False,TRANSITION,TRANSITION,0.6,0.4347106401630544703799897148,0.4347106401630544703799897148
2025-03-19 00:00:00+00:00,2,BULL,0.9990314525570781,True,37,False,BULL_STRUCTURE,TRANSITION,0.6,0.4467223463793733050569323930,0.4467223463793733050569323930
2025-03-20 00:00:00+00:00,2,BULL,0.22632857995192113,False,37,False,BULL_STRUCTURE,TRANSITION,0.6,0.4391565687573480276426726190,0.4391565687573480276426726190
2025-03-21 00:00:00+00:00,2,BULL,0.0007634176502085464,False,37,False,BULL_STRUCTURE,TRANSITION,0.6,0.4387626757503135686092066051,0.4387626757503135686092066051
2025-03-22 00:00:00+00:00,1,BEAR,0.9999899994117936,True,3,False,BULL_STRUCTURE,TRANSITION,0.6,0.95,0.6
2025-03-23 00:00:00+00:00,1,BEAR,0.9997860606453642,True,4,False,BULL_STRUCTURE,BULL_STRUCTURE,1.0,0.95,0.95
2025-03-24 00:00:00+00:00,1,BEAR,0.9999948026523728,True,5,False,BULL_STRUCTURE,BULL_STRUCTURE,1.0,0.9511865913354510126849842073,0.9511865913354510126849842073
2025-03-25 00:00:00+00:00,1,BEAR,0.9999972911146271,True,6,False,BULL_STRUCTURE,BULL_STRUCTURE,1.0,0.9511306554600844429171314369,0.9511306554600844429171314369
2025-03-26 00:00:00+00:00,1,BEAR,0.999992009558901,True,7,False,BULL_STRUCTURE,BULL_STRUCTURE,1.0,0.9508720313123526473868180055,0.9508720313123526473868180055
2025-03-27 00:00:00+00:00,1,BEAR,0.999964756343503,True,8,False,BULL_STRUCTURE,BULL_STRUCTURE,1.0,0.9510449497529381216790906574,0.9510449497529381216790906574
2025-03-28 00:00:00+00:00,1,BEAR,0.9998917925408706,True,9,False,BULL_STRUCTURE,BULL_STRUCTURE,1.0,0.9494991114728222410318113703,0.9494991114728222410318113703
2025-03-29 00:00:00+00:00,1,BEAR,0.9997854051547608,True,10,False,TRANSITION,BULL_STRUCTURE,0.6,0.9484699317175287504869571712,0.6
2025-03-30 00:00:00+00:00,1,BEAR,0.9995670310146667,True,11,False,TRANSITION,BULL_STRUCTURE,0.6,0.95,0.6
2025-03-31 00:00:00+00:00,1,BEAR,0.9990887339626553,True,12,False,TRANSITION,BULL_STRUCTURE,0.6,0.95,0.6
2025-04-01 00:00:00+00:00,1,BEAR,0.992536671296684,True,13,False,TRANSITION,BULL_STRUCTURE,0.6,0.95,0.6
2025-04-02 00:00:00+00:00,1,BEAR,0.9947792796410758,True,14,False,TRANSITION,TRANSITION,0.6,0.95,0.6
2025-04-03 00:00:00+00:00,1,BEAR,0.998604189914814,True,15,False,TRANSITION,TRANSITION,0.6,0.95,0.6
2025-04-04 00:00:00+00:00,1,BEAR,0.9989042326076797,True,16,False,TRANSITION,TRANSITION,0.6,0.95,0.6
2025-04-05 00:00:00+00:00,1,BEAR,0.9480933666919098,True,17,False,TRANSITION,TRANSITION,0.6,0.95,0.6
2025-04-06 00:00:00+00:00,1,BEAR,0.10956540071899486,False,17,False,TRANSITION,TRANSITION,0.6,0.5847668678024765057223338496,0.5847668678024765057223338496
2025-04-07 00:00:00+00:00,1,BEAR,0.12047273415024212,False,17,False,TRANSITION,TRANSITION,0.6,0.5870245919744057659846305403,0.5870245919744057659846305403
2025-04-08 00:00:00+00:00,3,CRASH,0.999969474719609,True,3,False,TRANSITION,TRANSITION,0.6,0.5781377571395097417156617744,0.5781377571395097417156617744
2025-04-09 00:00:00+00:00,3,CRASH,0.999999999996362,True,4,False,TRANSITION,TRANSITION,0.6,0.5973319688715490138224626550,0.5973319688715490138224626550
2025-04-10 00:00:00+00:00,3,CRASH,0.9999999995707185,True,5,False,TRANSITION,TRANSITION,0.6,0.5883800025031157019700750280,0.5883800025031157019700750280
2025-04-11 00:00:00+00:00,3,CRASH,0.9999999968149496,True,6,False,TRANSITION,TRANSITION,0.6,0.5996725063039557944940367441,0.5996725063039557944940367441
2025-04-12 00:00:00+00:00,3,CRASH,0.9999993255853497,True,7,False,TRANSITION,TRANSITION,0.6,0.6049348853249169860747753413,0.6
2025-04-13 00:00:00+00:00,3,CRASH,0.9999989063377667,True,8,False,TRANSITION,TRANSITION,0.6,0.5956873701819470020911229246,0.5956873701819470020911229246
2025-04-14 00:00:00+00:00,3,CRASH,0.9985388228402003,True,9,False,TRANSITION,TRANSITION,0.6,0.5980644413726921512317595444,0.5980644413726921512317595444
2025-04-15 00:00:00+00:00,3,CRASH,0.9992991262447594,True,10,False,TRANSITION,TRANSITION,0.6,0.5953535189998798969352527993,0.5953535189998798969352527993
2025-04-16 00:00:00+00:00,3,CRASH,0.4899285421762796,True,11,False,TRANSITION,TRANSITION,0.6,0.30,0.30
2025-04-17 00:00:00+00:00,3,CRASH,3.899237159299688e-05,False,11,False,TRANSITION,TRANSITION,0.6,0.3023999997539202707158154200,0.3023999997539202707158154200
2025-04-18 00:00:00+00:00,3,CRASH,6.291562627425554e-09,False,11,False,TRANSITION,TRANSITION,0.6,0.3012228522850355132705780594,0.3012228522850355132705780594
2025-04-19 00:00:00+00:00,2,BULL,0.9998321500900871,True,3,False,TRANSITION,TRANSITION,0.6,0.3027204512164416030833170632,0.3027204512164416030833170632
2025-04-20 00:00:00+00:00,2,BULL,0.9998649061827872,True,4,False,TRANSITION,TRANSITION,0.6,0.3029739972870331720500565386,0.3029739972870331720500565386
2025-04-21 00:00:00+00:00,2,CRASH,0.9997390744852561,True,1,False,TRANSITION,TRANSITION,0.6,0.95,0.6
2025-04-22 00:00:00+00:00,2,CRASH,0.9944664451616655,True,2,False,BULL_STRUCTURE,TRANSITION,0.6,0.95,0.6
2025-04-23 00:00:00+00:00,2,CRASH,0.9992265296906061,True,3,False,BULL_STRUCTURE,TRANSITION,0.6,0.95,0.6
2025-04-24 00:00:00+00:00,2,CRASH,0.9995785470446195,True,4,False,BULL_STRUCTURE,TRANSITION,0.6,0.95,0.6
2025-04-25 00:00:00+00:00,2,CRASH,0.9990954346924511,True,5,False,BULL_STRUCTURE,TRANSITION,0.6,0.95,0.6
2025-04-26 00:00:00+00:00,2,CRASH,0.997601966146255,True,6,False,BULL_STRUCTURE,BULL_STRUCTURE,1.0,0.95,0.95
2025-04-27 00:00:00+00:00,2,CRASH,0.6364946613032698,True,7,False,BULL_STRUCTURE,BULL_STRUCTURE,1.0,0.9499893865673627237878554343,0.9499893865673627237878554343
2025-04-28 00:00:00+00:00,2,CRASH,0.05962664702214251,False,7,False,BULL_STRUCTURE,BULL_STRUCTURE,1.0,0.475,0.475
2025-04-29 00:00:00+00:00,2,CRASH,0.001485257578535956,False,7,False,BULL_STRUCTURE,BULL_STRUCTURE,1.0,0.4733052462513626920965679056,0.4733052462513626920965679056
2025-04-30 00:00:00+00:00,1,BEAR,0.9970687289321193,True,3,False,BULL_STRUCTURE,BULL_STRUCTURE,1.0,0.95,0.95
2025-05-01 00:00:00+00:00,1,BEAR,0.992104389051989,True,4,False,BULL_STRUCTURE,BULL_STRUCTURE,1.0,0.9517182228603199135041674426,0.9517182228603199135041674426
2025-05-02 00:00:00+00:00,1,BEAR,0.9968160867663138,True,5,False,BULL_STRUCTURE,BULL_STRUCTURE,1.0,0.9519066543640676706945035703,0.9519066543640676706945035703
2025-05-03 00:00:00+00:00,1,BEAR,0.998281194406015,True,6,False,BULL_STRUCTURE,BULL_STRUCTURE,1.0,0.9514146439223442298994644275,0.9514146439223442298994644275
2025-05-04 00:00:00+00:00,1,BEAR,0.998687690862869,True,7,False,BULL_STRUCTURE,BULL_STRUCTURE,1.0,0.9506411791826086832027533642,0.9506411791826086832027533642
2025-05-05 00:00:00+00:00,1,BEAR,0.999514066045689,True,8,False,BULL_STRUCTURE,BULL_STRUCTURE,1.0,0.9508671238951544897863636827,0.9508671238951544897863636827
2025-05-06 00:00:00+00:00,1,BEAR,0.9990696975877452,True,9,False,BULL_STRUCTURE,BULL_STRUCTURE,1.0,0.9518815413985744575244161939,0.9518815413985744575244161939
2025-05-07 00:00:00+00:00,1,BEAR,0.9986962722198538,True,10,False,BULL_STRUCTURE,BULL_STRUCTURE,1.0,0.9519742984661749487620151945,0.9519742984661749487620151945
2025-05-08 00:00:00+00:00,1,BEAR,0.003071115013697744,False,10,False,BULL_STRUCTURE,BULL_STRUCTURE,1.0,0.475,0.475
2025-05-09 00:00:00+00:00,1,BEAR,0.00010929043324123985,False,10,False,BULL_STRUCTURE,BULL_STRUCTURE,1.0,0.4745946776314714407001499042,0.4745946776314714407001499042
2025-05-10 00:00:00+00:00,3,EUPHORIA,0.9901873695962352,True,3,False,BULL_STRUCTURE,BULL_STRUCTURE,1.0,0.4790070525146397084399872367,0.4790070525146397084399872367
2025-05-11 00:00:00+00:00,3,EUPHORIA,0.9909838039032821,True,4,False,BULL_STRUCTURE,BULL_STRUCTURE,1.0,0.4773552476002670836179691166,0.4773552476002670836179691166
2025-05-12 00:00:00+00:00,3,EUPHORIA,0.9999159765265747,True,5,False,BULL_STRUCTURE,BULL_STRUCTURE,1.0,0.4741568067567230424210898260,0.4741568067567230424210898260
2025-05-13 00:00:00+00:00,3,EUPHORIA,0.9805424904041649,True,6,False,BULL_STRUCTURE,BULL_STRUCTURE,1.0,0.4773210276700187211077491973,0.4773210276700187211077491973
2025-05-14 00:00:00+00:00,3,EUPHORIA,0.9457477751824346,True,7,False,BULL_STRUCTURE,BULL_STRUCTURE,1.0,0.4758890344891284051466963981,0.4758890344891284051466963981
2025-05-15 00:00:00+00:00,3,EUPHORIA,0.9813849258083849,True,8,False,BULL_STRUCTURE,BULL_STRUCTURE,1.0,0.4765049178292102159651898111,0.4765049178292102159651898111
2025-05-16 00:00:00+00:00,3,EUPHORIA,0.5884458376457903,True,9,False,BULL_STRUCTURE,BULL_STRUCTURE,1.0,0.4757831808438859802494207584,0.4757831808438859802494207584
2025-05-17 00:00:00+00:00,3,EUPHORIA,0.001855327707649122,False,9,False,BULL_STRUCTURE,BULL_STRUCTURE,1.0,0.4749689319035879054515443919,0.4749689319035879054515443919
2025-05-18 00:00:00+00:00,3,EUPHORIA,0.0005503724664889072,False,9,False,BULL_STRUCTURE,BULL_STRUCTURE,1.0,0.4828940590923603020558202503,0.4828940590923603020558202503
2025-05-19 00:00:00+00:00,1,BEAR,0.9637598745387356,True,3,False,BULL_STRUCTURE,BULL_STRUCTURE,1.0,0.95,0.95
2025-05-20 00:00:00+00:00,1,BEAR,0.9968887241155986,True,4,False,BULL_STRUCTURE,BULL_STRUCTURE,1.0,0.9511403198732622356865862546,0.9511403198732622356865862546
2025-05-21 00:00:00+00:00,1,BEAR,1.6313312684507845e-05,False,4,False,BULL_STRUCTURE,BULL_STRUCTURE,1.0,0.475,0.475
2025-05-22 00:00:00+00:00,1,BEAR,4.34806583992511e-06,False,4,False,BULL_STRUCTURE,BULL_STRUCTURE,1.0,0.4799205220622388008282664767,0.4799205220622388008282664767
2025-05-23 00:00:00+00:00,3,EUPHORIA,0.995412088144128,True,3,False,BULL_STRUCTURE,BULL_STRUCTURE,1.0,0.4699500783034372909174219423,0.4699500783034372909174219423
2025-05-24 00:00:00+00:00,3,EUPHORIA,0.02205701522410967,False,3,False,BULL_STRUCTURE,BULL_STRUCTURE,1.0,0.4709777471943411125031408499,0.4709777471943411125031408499
2025-05-25 00:00:00+00:00,3,EUPHORIA,1.3626209348404619e-05,False,3,False,BULL_STRUCTURE,BULL_STRUCTURE,1.0,0.4738345281785297255165672155,0.4738345281785297255165672155
2025-05-26 00:00:00+00:00,1,BEAR,0.9999996091783796,True,3,False,BULL_STRUCTURE,BULL_STRUCTURE,1.0,0.95,0.95
2025-05-27 00:00:00+00:00,1,BEAR,0.9999990491228319,True,4,False,BULL_STRUCTURE,BULL_STRUCTURE,1.0,0.9503713983122036646178171786,0.9503713983122036646178171786
2025-05-28 00:00:00+00:00,1,BEAR,0.9999999924598342,True,5,False,BULL_STRUCTURE,BULL_STRUCTURE,1.0,0.9498656281702683445814211798,0.9498656281702683445814211798
2025-05-29 00:00:00+00:00,1,BEAR,0.9999999042288482,True,6,False,BULL_STRUCTURE,BULL_STRUCTURE,1.0,0.9488780517525724265509378549,0.9488780517525724265509378549
2025-05-30 00:00:00+00:00,1,BEAR,0.9999998420444296,True,7,False,BULL_STRUCTURE,BULL_STRUCTURE,1.0,0.9481302608702183674147385680,0.9481302608702183674147385680
2025-05-31 00:00:00+00:00,1,BEAR,0.9999999997507985,True,8,False,BULL_STRUCTURE,BULL_STRUCTURE,1.0,0.9484154768930056081199290480,0.9484154768930056081199290480
2025-06-01 00:00:00+00:00,1,BEAR,0.9999999995093276,True,9,False,BULL_STRUCTURE,BULL_STRUCTURE,1.0,0.9489024712582999150812321695,0.9489024712582999150812321695
2025-06-02 00:00:00+00:00,1,BEAR,0.9999999950900929,True,10,False,BULL_STRUCTURE,BULL_STRUCTURE,1.0,0.9490009863029235303049618782,0.9490009863029235303049618782
2025-06-03 00:00:00+00:00,1,BEAR,0.9999999983110683,True,11,False,BULL_STRUCTURE,BULL_STRUCTURE,1.0,0.9487800753176017259286749012,0.9487800753176017259286749012
2025-06-04 00:00:00+00:00,1,BEAR,0.9999999990200195,True,12,False,BULL_STRUCTURE,BULL_STRUCTURE,1.0,0.9484645352984401005985588884,0.9484645352984401005985588884
2025-06-05 00:00:00+00:00,1,BEAR,0.999999860988292,True,13,False,BULL_STRUCTURE,BULL_STRUCTURE,1.0,0.9469318091916634163742595655,0.9469318091916634163742595655
2025-06-06 00:00:00+00:00,1,BEAR,0.9999999920419214,True,14,False,BULL_STRUCTURE,BULL_STRUCTURE,1.0,0.9482731491600095384283753378,0.9482731491600095384283753378
2025-06-07 00:00:00+00:00,1,BEAR,0.9999999970450517,True,15,False,BULL_STRUCTURE,BULL_STRUCTURE,1.0,0.9488607722733324409424659337,0.9488607722733324409424659337
2025-06-08 00:00:00+00:00,1,BEAR,0.9999999940246198,True,16,False,BULL_STRUCTURE,BULL_STRUCTURE,1.0,0.9489442351790304683996448223,0.9489442351790304683996448223
2025-06-09 00:00:00+00:00,1,BEAR,0.999999278820529,True,17,False,BULL_STRUCTURE,BULL_STRUCTURE,1.0,0.9509384482052079736186324337,0.9509384482052079736186324337
2025-06-10 00:00:00+00:00,1,BEAR,0.9999952049748937,True,18,False,BULL_STRUCTURE,BULL_STRUCTURE,1.0,0.9509432586106839414079550182,0.9509432586106839414079550182
2025-06-11 00:00:00+00:00,1,BEAR,0.9999995031354372,True,19,False,BULL_STRUCTURE,BULL_STRUCTURE,1.0,0.9502441948986828401334317976,0.9502441948986828401334317976
2025-06-12 00:00:00+00:00,1,BEAR,0.9999995081663046,True,20,False,BULL_STRUCTURE,BULL_STRUCTURE,1.0,0.9489156860764961443085231232,0.9489156860764961443085231232
2025-06-13 00:00:00+00:00,1,BEAR,0.9792826978010156,True,21,False,BULL_STRUCTURE,BULL_STRUCTURE,1.0,0.9490961798916841361230242158,0.9490961798916841361230242158
2025-06-14 00:00:00+00:00,1,BEAR,0.9999998728858454,True,22,False,BULL_STRUCTURE,BULL_STRUCTURE,1.0,0.9487974784924441199500576243,0.9487974784924441199500576243
2025-06-15 00:00:00+00:00,1,BEAR,0.9999999583997132,True,23,False,BULL_STRUCTURE,BULL_STRUCTURE,1.0,0.9488800087443887446343958797,0.9488800087443887446343958797
2025-06-16 00:00:00+00:00,1,BEAR,0.99999936338347,True,24,False,BULL_STRUCTURE,BULL_STRUCTURE,1.0,0.9494256059057135194461180596,0.9494256059057135194461180596
2025-06-17 00:00:00+00:00,1,BEAR,0.9999848175550357,True,25,False,BULL_STRUCTURE,BULL_STRUCTURE,1.0,0.9483964274827780899958228187,0.9483964274827780899958228187
2025-06-18 00:00:00+00:00,1,BEAR,0.999907951067935,True,26,False,BULL_STRUCTURE,BULL_STRUCTURE,1.0,0.9485530504811717998139410181,0.9485530504811717998139410181
2025-06-19 00:00:00+00:00,1,BEAR,0.9999734741302991,True,27,False,BULL_STRUCTURE,BULL_STRUCTURE,1.0,0.9484466620829428192911173862,0.9484466620829428192911173862
2025-06-20 00:00:00+00:00,1,BEAR,0.9999241799996761,True,28,False,BULL_STRUCTURE,BULL_STRUCTURE,1.0,0.9478030658483670595199963570,0.9478030658483670595199963570
2025-06-21 00:00:00+00:00,1,BEAR,0.9999562821656135,True,29,False,BULL_STRUCTURE,BULL_STRUCTURE,1.0,0.9472327325077744105742896835,0.9472327325077744105742896835
2025-06-22 00:00:00+00:00,1,BEAR,0.7641394143904625,True,30,False,BULL_STRUCTURE,BULL_STRUCTURE,1.0,0.9466607227968027541803422091,0.9466607227968027541803422091
2025-06-23 00:00:00+00:00,1,BEAR,0.30668018062978225,False,30,False,BULL_STRUCTURE,BULL_STRUCTURE,1.0,0.475,0.475
2025-06-24 00:00:00+00:00,1,BEAR,0.9864706222118422,True,31,False,BULL_STRUCTURE,BULL_STRUCTURE,1.0,0.95,0.95
2025-06-25 00:00:00+00:00,1,BEAR,0.9943796591737936,True,32,False,BULL_STRUCTURE,BULL_STRUCTURE,1.0,0.9511341553351752007739904146,0.9511341553351752007739904146
2025-06-26 00:00:00+00:00,1,BEAR,0.99071312581062,True,33,False,BULL_STRUCTURE,BULL_STRUCTURE,1.0,0.9509631667710332978117637173,0.9509631667710332978117637173
2025-06-27 00:00:00+00:00,1,BEAR,0.9868575090315771,True,34,False,BULL_STRUCTURE,BULL_STRUCTURE,1.0,0.9510069618083112459662667815,0.9510069618083112459662667815
2025-06-28 00:00:00+00:00,1,BEAR,0.9984649137239413,True,35,False,BULL_STRUCTURE,BULL_STRUCTURE,1.0,0.9511151871080011997152262245,0.9511151871080011997152262245
2025-06-29 00:00:00+00:00,1,BEAR,0.9981546122695464,True,36,False,BULL_STRUCTURE,BULL_STRUCTURE,1.0,0.9515703023348840820653067356,0.9515703023348840820653067356
2025-06-30 00:00:00+00:00,1,BEAR,0.9983515059482466,True,37,False,BULL_STRUCTURE,BULL_STRUCTURE,1.0,0.9510499748270440575114516570,0.9510499748270440575114516570
2025-07-01 00:00:00+00:00,1,BEAR,0.9974066698275275,True,38,False,BULL_STRUCTURE,BULL_STRUCTURE,1.0,0.9504049024720519753255745148,0.9504049024720519753255745148
2025-07-02 00:00:00+00:00,1,BEAR,0.996438243420899,True,39,False,BULL_STRUCTURE,BULL_STRUCTURE,1.0,0.9517789325114800266922949161,0.9517789325114800266922949161
2025-07-03 00:00:00+00:00,1,BEAR,0.9948787409647517,True,40,False,BULL_STRUCTURE,BULL_STRUCTURE,1.0,0.9520869368759426205239365293,0.9520869368759426205239365293
2025-07-04 00:00:00+00:00,1,BEAR,0.9994625143938863,True,41,False,BULL_STRUCTURE,BULL_STRUCTURE,1.0,0.9514112765981136050275849818,0.9514112765981136050275849818
2025-07-05 00:00:00+00:00,1,BEAR,0.9982588478885309,True,42,False,BULL_STRUCTURE,BULL_STRUCTURE,1.0,0.9515026660260735064375149405,0.9515026660260735064375149405
2025-07-06 00:00:00+00:00,1,BEAR,0.9936438163240819,True,43,False,BULL_STRUCTURE,BULL_STRUCTURE,1.0,0.9519278345129391395316675722,0.9519278345129391395316675722
2025-07-07 00:00:00+00:00,1,BEAR,0.9975288696396617,True,44,False,BULL_STRUCTURE,BULL_STRUCTURE,1.0,0.9515302953141828741032475185,0.9515302953141828741032475185
2025-07-08 00:00:00+00:00,1,BEAR,0.9948642858277161,True,45,False,BULL_STRUCTURE,BULL_STRUCTURE,1.0,0.9518098529190133977086673367,0.9518098529190133977086673367
2025-07-09 00:00:00+00:00,1,BEAR,0.8837903927084266,True,46,False,BULL_STRUCTURE,BULL_STRUCTURE,1.0,0.9527637637767997230409528428,0.9527637637767997230409528428
2025-07-10 00:00:00+00:00,1,BEAR,0.00942814160082336,False,46,False,BULL_STRUCTURE,BULL_STRUCTURE,1.0,0.475,0.475
2025-07-11 00:00:00+00:00,1,BEAR,7.937074314923753e-06,False,46,False,BULL_STRUCTURE,BULL_STRUCTURE,1.0,0.4785376619977325954412863606,0.4785376619977325954412863606
2025-07-12 00:00:00+00:00,2,CRASH,0.998544044372012,True,3,False,BULL_STRUCTURE,BULL_STRUCTURE,1.0,0.95,0.95
2025-07-13 00:00:00+00:00,2,CRASH,0.9947028335507987,True,4,False,BULL_STRUCTURE,BULL_STRUCTURE,1.0,0.9512400793769931014114678546,0.9512400793769931014114678546
2025-07-14 00:00:00+00:00,2,CRASH,0.9295398725835703,True,5,False,BULL_STRUCTURE,BULL_STRUCTURE,1.0,0.9515322003043629420839108678,0.9515322003043629420839108678
2025-07-15 00:00:00+00:00,2,CRASH,0.9043313057485164,True,6,False,BULL_STRUCTURE,BULL_STRUCTURE,1.0,0.9507170796804723336415871758,0.9507170796804723336415871758
2025-07-16 00:00:00+00:00,2,CRASH,0.8527669812462277,True,7,False,BULL_STRUCTURE,BULL_STRUCTURE,1.0,0.9510617428116137672663875648,0.9510617428116137672663875648
2025-07-17 00:00:00+00:00,2,CRASH,0.28129978412406886,False,7,False,BULL_STRUCTURE,BULL_STRUCTURE,1.0,0.475,0.475
2025-07-18 00:00:00+00:00,2,CRASH,0.031147892075077545,False,7,False,BULL_STRUCTURE,BULL_STRUCTURE,1.0,0.4726592785075489692003777876,0.4726592785075489692003777876
2025-07-19 00:00:00+00:00,2,CRASH,0.002313795992902832,False,7,False,BULL_STRUCTURE,BULL_STRUCTURE,1.0,0.4724798949766769441854738631,0.4724798949766769441854738631
2025-07-20 00:00:00+00:00,2,CRASH,1.6878869512659878e-05,False,7,False,BULL_STRUCTURE,BULL_STRUCTURE,1.0,0.4712611607374607015235497227,0.4712611607374607015235497227
2025-07-21 00:00:00+00:00,1,BEAR,0.9999200578559223,True,3,False,BULL_STRUCTURE,BULL_STRUCTURE,1.0,0.95,0.95
2025-07-22 00:00:00+00:00,1,BEAR,0.9940914467946675,True,4,False,BULL_STRUCTURE,BULL_STRUCTURE,1.0,0.9515992140080319940575026332,0.9515992140080319940575026332
2025-07-23 00:00:00+00:00,1,BEAR,0.9972851023047412,True,5,False,BULL_STRUCTURE,BULL_STRUCTURE,1.0,0.9511346435791458239117958591,0.9511346435791458239117958591
2025-07-24 00:00:00+00:00,1,BEAR,0.9997308125621097,True,6,False,BULL_STRUCTURE,BULL_STRUCTURE,1.0,0.9509716833769744752450825233,0.9509716833769744752450825233
2025-07-25 00:00:00+00:00,1,BEAR,0.9932997718102033,True,7,False,BULL_STRUCTURE,BULL_STRUCTURE,1.0,0.9506837008934439071905122285,0.9506837008934439071905122285
2025-07-26 00:00:00+00:00,1,BEAR,0.9999818680114412,True,8,False,BULL_STRUCTURE,BULL_STRUCTURE,1.0,0.9508052527625190682497341407,0.9508052527625190682497341407
2025-07-27 00:00:00+00:00,1,BEAR,0.9999963884207962,True,9,False,BULL_STRUCTURE,BULL_STRUCTURE,1.0,0.9513914191639666958259962544,0.9513914191639666958259962544
2025-07-28 00:00:00+00:00,1,BEAR,0.9999920047404365,True,10,False,BULL_STRUCTURE,BULL_STRUCTURE,1.0,0.9508616452431971224331430060,0.9508616452431971224331430060
2025-07-29 00:00:00+00:00,1,BEAR,0.9999733978575521,True,11,False,BULL_STRUCTURE,BULL_STRUCTURE,1.0,0.9508174550887603641275751273,0.9508174550887603641275751273
2025-07-30 00:00:00+00:00,1,BEAR,0.9997703866568568,True,12,False,BULL_STRUCTURE,BULL_STRUCTURE,1.0,0.9507736222779466975754505059,0.9507736222779466975754505059
2025-07-31 00:00:00+00:00,1,BEAR,0.9992691538482869,True,13,False,BULL_STRUCTURE,BULL_STRUCTURE,1.0,0.9499349519215530490020871649,0.9499349519215530490020871649
2025-08-01 00:00:00+00:00,1,BEAR,0.20833359700061785,False,13,False,BULL_STRUCTURE,BULL_STRUCTURE,1.0,0.475,0.475
2025-08-02 00:00:00+00:00,1,BEAR,0.8706693303366163,True,14,False,BULL_STRUCTURE,BULL_STRUCTURE,1.0,0.95,0.95
2025-08-03 00:00:00+00:00,1,BEAR,0.9975946488010395,True,15,False,BULL_STRUCTURE,BULL_STRUCTURE,1.0,0.9512723600442090990386671938,0.9512723600442090990386671938
2025-08-04 00:00:00+00:00,1,BEAR,0.9992874650711161,True,16,False,BULL_STRUCTURE,BULL_STRUCTURE,1.0,0.9516134105821087664557538214,0.9516134105821087664557538214
2025-08-05 00:00:00+00:00,1,BEAR,0.9879093917301514,True,17,False,BULL_STRUCTURE,BULL_STRUCTURE,1.0,0.9512402553449008830071106109,0.9512402553449008830071106109
2025-08-06 00:00:00+00:00,1,BEAR,0.9639772942364316,True,18,False,BULL_STRUCTURE,BULL_STRUCTURE,1.0,0.9515882808196133822974696562,0.9515882808196133822974696562
2025-08-07 00:00:00+00:00,1,BEAR,0.6586416303584862,True,19,False,BULL_STRUCTURE,BULL_STRUCTURE,1.0,0.9525617347091265805468685791,0.9525617347091265805468685791
2025-08-08 00:00:00+00:00,1,BEAR,0.46327695778055755,False,19,False,BULL_STRUCTURE,BULL_STRUCTURE,1.0,0.475,0.475
2025-08-09 00:00:00+00:00,1,BEAR,0.46294927020112364,False,19,False,BULL_STRUCTURE,BULL_STRUCTURE,1.0,0.4748385226058522560065740160,0.4748385226058522560065740160
2025-08-10 00:00:00+00:00,2,CRASH,0.9368198574011146,True,3,False,BULL_STRUCTURE,BULL_STRUCTURE,1.0,0.95,0.95
2025-08-11 00:00:00+00:00,2,CRASH,0.99601490522658,True,4,False,BULL_STRUCTURE,BULL_STRUCTURE,1.0,0.9503387546433623540714288871,0.9503387546433623540714288871
2025-08-12 00:00:00+00:00,2,CRASH,0.9990964242163087,True,5,False,BULL_STRUCTURE,BULL_STRUCTURE,1.0,0.9509079776246875504112898136,0.9509079776246875504112898136
2025-08-13 00:00:00+00:00,2,CRASH,0.9860277207963537,True,6,False,BULL_STRUCTURE,BULL_STRUCTURE,1.0,0.9521105013424991561256424185,0.9521105013424991561256424185
2025-08-14 00:00:00+00:00,2,CRASH,0.3971915283045191,False,6,False,BULL_STRUCTURE,BULL_STRUCTURE,1.0,0.475,0.475
2025-08-15 00:00:00+00:00,2,CRASH,0.7515565346809119,True,7,False,BULL_STRUCTURE,BULL_STRUCTURE,1.0,0.95,0.95
2025-08-16 00:00:00+00:00,2,CRASH,0.28622324547561206,False,7,False,BULL_STRUCTURE,BULL_STRUCTURE,1.0,0.475,0.475
2025-08-17 00:00:00+00:00,2,CRASH,0.010575126556687837,False,7,False,BULL_STRUCTURE,BULL_STRUCTURE,1.0,0.4753455198004113556821146364,0.4753455198004113556821146364
2025-08-18 00:00:00+00:00,2,CRASH,0.694332438942918,True,8,False,BULL_STRUCTURE,BULL_STRUCTURE,1.0,0.95,0.95
2025-08-19 00:00:00+00:00,2,CRASH,0.9972542567128744,True,9,False,BULL_STRUCTURE,BULL_STRUCTURE,1.0,0.60,0.60
2025-08-20 00:00:00+00:00,2,CRASH,0.9998369221489227,True,10,False,BULL_STRUCTURE,BULL_STRUCTURE,1.0,0.6032226865126628549593309553,0.6032226865126628549593309553
2025-08-21 00:00:00+00:00,2,CRASH,0.9984317221630721,True,11,False,BULL_STRUCTURE,BULL_STRUCTURE,1.0,0.5994777471677710736006743471,0.5994777471677710736006743471
2025-08-22 00:00:00+00:00,2,CRASH,0.997158207979885,True,12,False,BULL_STRUCTURE,BULL_STRUCTURE,1.0,0.95,0.95
2025-08-23 00:00:00+00:00,2,CRASH,0.9649087719752132,True,13,False,BULL_STRUCTURE,BULL_STRUCTURE,1.0,0.9498092811777663443355952696,0.9498092811777663443355952696
2025-08-24 00:00:00+00:00,2,CRASH,0.9641175174054515,True,14,False,BULL_STRUCTURE,BULL_STRUCTURE,1.0,0.60,0.60
2025-08-25 00:00:00+00:00,2,CRASH,0.9896851688025055,True,15,False,BULL_STRUCTURE,BULL_STRUCTURE,1.0,0.5929924977830048271333408699,0.5929924977830048271333408699
2025-08-26 00:00:00+00:00,2,CRASH,0.9982358192188743,True,16,False,BULL_STRUCTURE,BULL_STRUCTURE,1.0,0.5965799187322821646553631406,0.5965799187322821646553631406
2025-08-27 00:00:00+00:00,2,CRASH,0.9999226548693122,True,17,False,BULL_STRUCTURE,BULL_STRUCTURE,1.0,0.5954977114917162841063161989,0.5954977114917162841063161989
2025-08-28 00:00:00+00:00,2,CRASH,0.9969548805716258,True,18,False,BULL_STRUCTURE,BULL_STRUCTURE,1.0,0.5983031806028544103891518685,0.5983031806028544103891518685
2025-08-29 00:00:00+00:00,2,CRASH,0.9992991717212512,True,19,False,BULL_STRUCTURE,BULL_STRUCTURE,1.0,0.5891546536422115790289589365,0.5891546536422115790289589365
2025-08-30 00:00:00+00:00,2,CRASH,0.9874000546587722,True,20,False,BULL_STRUCTURE,BULL_STRUCTURE,1.0,0.5901326318837708185291124825,0.5901326318837708185291124825
2025-08-31 00:00:00+00:00,2,CRASH,0.9877454661827647,True,21,False,BULL_STRUCTURE,BULL_STRUCTURE,1.0,0.5888617562627162103518193833,0.5888617562627162103518193833
2025-09-01 00:00:00+00:00,2,CRASH,0.9926494216583909,True,22,False,BULL_STRUCTURE,BULL_STRUCTURE,1.0,0.5910664949043276700842551587,0.5910664949043276700842551587
2025-09-02 00:00:00+00:00,2,CRASH,0.996165531143667,True,23,False,BULL_STRUCTURE,BULL_STRUCTURE,1.0,0.5954500762909630048980040025,0.5954500762909630048980040025
2025-09-03 00:00:00+00:00,2,CRASH,0.9953909183847576,True,24,False,BULL_STRUCTURE,BULL_STRUCTURE,1.0,0.5964560379480028716455289758,0.5964560379480028716455289758
2025-09-04 00:00:00+00:00,2,CRASH,0.9945050603402011,True,25,False,BULL_STRUCTURE,BULL_STRUCTURE,1.0,0.5943445249998234550567110680,0.5943445249998234550567110680
2025-09-05 00:00:00+00:00,2,CRASH,0.9996712406347161,True,26,False,BULL_STRUCTURE,BULL_STRUCTURE,1.0,0.5941901361747456129133566412,0.5941901361747456129133566412
2025-09-06 00:00:00+00:00,2,CRASH,0.9978629419021077,True,27,False,BULL_STRUCTURE,BULL_STRUCTURE,1.0,0.5931589907123117922014060320,0.5931589907123117922014060320
2025-09-07 00:00:00+00:00,2,CRASH,0.9971051282275273,True,28,False,BULL_STRUCTURE,BULL_STRUCTURE,1.0,0.5952276230358122192123532331,0.5952276230358122192123532331
2025-09-08 00:00:00+00:00,2,CRASH,0.9978508148197847,True,29,False,BULL_STRUCTURE,BULL_STRUCTURE,1.0,0.5972292241100934460781292510,0.5972292241100934460781292510
2025-09-09 00:00:00+00:00,2,CRASH,0.9992884689945417,True,30,False,BULL_STRUCTURE,BULL_STRUCTURE,1.0,0.5961124532399884033483530497,0.5961124532399884033483530497
2025-09-10 00:00:00+00:00,2,CRASH,0.9998728634253403,True,31,False,BULL_STRUCTURE,BULL_STRUCTURE,1.0,0.95,0.95
2025-09-11 00:00:00+00:00,2,CRASH,0.9998898275270329,True,32,False,BULL_STRUCTURE,BULL_STRUCTURE,1.0,0.9510506747681718765902866190,0.9510506747681718765902866190
2025-09-12 00:00:00+00:00,2,CRASH,0.9999067903714554,True,33,False,BULL_STRUCTURE,BULL_STRUCTURE,1.0,0.9512700842199360805805333959,0.9512700842199360805805333959
2025-09-13 00:00:00+00:00,2,CRASH,0.9995328902495413,True,34,False,BULL_STRUCTURE,BULL_STRUCTURE,1.0,0.9512256458049852780319380825,0.9512256458049852780319380825
2025-09-14 00:00:00+00:00,2,CRASH,0.999529463017016,True,35,False,BULL_STRUCTURE,BULL_STRUCTURE,1.0,0.9509639798646214580536580061,0.9509639798646214580536580061
2025-09-15 00:00:00+00:00,2,CRASH,0.9999315158506904,True,36,False,BULL_STRUCTURE,BULL_STRUCTURE,1.0,0.9509970092061239715759774576,0.9509970092061239715759774576
2025-09-16 00:00:00+00:00,2,CRASH,0.9997529822375343,True,37,False,BULL_STRUCTURE,BULL_STRUCTURE,1.0,0.9515716527477729899403310009,0.9515716527477729899403310009
2025-09-17 00:00:00+00:00,2,CRASH,0.9999766203682203,True,38,False,BULL_STRUCTURE,BULL_STRUCTURE,1.0,0.9514365779459558766990705005,0.9514365779459558766990705005
2025-09-18 00:00:00+00:00,2,CRASH,0.9998459009781276,True,39,False,BULL_STRUCTURE,BULL_STRUCTURE,1.0,0.9516836797384866708137973603,0.9516836797384866708137973603
2025-09-19 00:00:00+00:00,2,CRASH,0.9996862306233705,True,40,False,BULL_STRUCTURE,BULL_STRUCTURE,1.0,0.9511109433832503163855812727,0.9511109433832503163855812727
2025-09-20 00:00:00+00:00,2,CRASH,0.9998872852906567,True,41,False,BULL_STRUCTURE,BULL_STRUCTURE,1.0,0.9511323472779183655477924810,0.9511323472779183655477924810
2025-09-21 00:00:00+00:00,2,CRASH,0.9999324396389236,True,42,False,BULL_STRUCTURE,BULL_STRUCTURE,1.0,0.9509495251361436544759958278,0.9509495251361436544759958278
2025-09-22 00:00:00+00:00,2,CRASH,0.9994917183704987,True,43,False,BULL_STRUCTURE,BULL_STRUCTURE,1.0,0.60,0.60
2025-09-23 00:00:00+00:00,2,CRASH,0.9999170673521193,True,44,False,BULL_STRUCTURE,BULL_STRUCTURE,1.0,0.5988773886242735843768708389,0.5988773886242735843768708389
2025-09-24 00:00:00+00:00,2,CRASH,0.9991219799245163,True,45,False,BULL_STRUCTURE,BULL_STRUCTURE,1.0,0.6016638205980337242837233130,0.6016638205980337242837233130
2025-09-25 00:00:00+00:00,2,CRASH,0.9734580547199732,True,46,False,BULL_STRUCTURE,BULL_STRUCTURE,1.0,0.5923283155278370488540575689,0.5923283155278370488540575689
2025-09-26 00:00:00+00:00,2,CRASH,0.959076592171249,True,47,False,BULL_STRUCTURE,BULL_STRUCTURE,1.0,0.5937610448132971209608632617,0.5937610448132971209608632617
2025-09-27 00:00:00+00:00,2,CRASH,0.9892282782946685,True,48,False,BULL_STRUCTURE,BULL_STRUCTURE,1.0,0.5937443025915178317941945770,0.5937443025915178317941945770
2025-09-28 00:00:00+00:00,2,CRASH,0.9695451601181259,True,49,False,BULL_STRUCTURE,BULL_STRUCTURE,1.0,0.5992313019525055821958233899,0.5992313019525055821958233899
2025-09-29 00:00:00+00:00,2,CRASH,0.9734526807387577,True,50,False,BULL_STRUCTURE,BULL_STRUCTURE,1.0,0.95,0.95
2025-09-30 00:00:00+00:00,2,CRASH,0.9996352074611239,True,51,False,BULL_STRUCTURE,BULL_STRUCTURE,1.0,0.9503187993500535406411567114,0.9503187993500535406411567114
2025-10-01 00:00:00+00:00,2,CRASH,0.9785015859717894,True,52,False,BULL_STRUCTURE,BULL_STRUCTURE,1.0,0.9521320510289769923641658596,0.9521320510289769923641658596
2025-10-02 00:00:00+00:00,2,CRASH,0.908756216285672,True,53,False,BULL_STRUCTURE,BULL_STRUCTURE,1.0,0.9528640664958687220790958130,0.9528640664958687220790958130
2025-10-03 00:00:00+00:00,2,CRASH,0.2804527571743785,False,53,False,BULL_STRUCTURE,BULL_STRUCTURE,1.0,0.475,0.475
2025-10-04 00:00:00+00:00,2,CRASH,0.015923381785822092,False,53,False,BULL_STRUCTURE,BULL_STRUCTURE,1.0,0.4756180354654358484593962475,0.4756180354654358484593962475
2025-10-05 00:00:00+00:00,3,EUPHORIA,0.9999132004720076,True,3,False,BULL_STRUCTURE,BULL_STRUCTURE,1.0,0.4778324902239041888256772779,0.4778324902239041888256772779
2025-10-06 00:00:00+00:00,3,EUPHORIA,0.9999960707846072,True,4,False,BULL_STRUCTURE,BULL_STRUCTURE,1.0,0.4801984141874023844076866846,0.4801984141874023844076866846
2025-10-07 00:00:00+00:00,3,EUPHORIA,0.999999230199888,True,5,False,BULL_STRUCTURE,BULL_STRUCTURE,1.0,0.4734530643188691615626280760,0.4734530643188691615626280760
2025-10-08 00:00:00+00:00,3,EUPHORIA,0.9999998872990609,True,6,False,BULL_STRUCTURE,BULL_STRUCTURE,1.0,0.4774759946652485271375434584,0.4774759946652485271375434584
2025-10-09 00:00:00+00:00,3,EUPHORIA,0.9999997405562108,True,7,False,BULL_STRUCTURE,BULL_STRUCTURE,1.0,0.4741290956583100180120658607,0.4741290956583100180120658607
2025-10-10 00:00:00+00:00,3,EUPHORIA,0.9999999999599822,True,8,False,BULL_STRUCTURE,BULL_STRUCTURE,1.0,0.4552610095716892283431477207,0.4552610095716892283431477207
2025-10-11 00:00:00+00:00,3,EUPHORIA,0.9999999805186237,True,9,False,BULL_STRUCTURE,BULL_STRUCTURE,1.0,0.4505361526470505931877846700,0.4505361526470505931877846700
2025-10-12 00:00:00+00:00,3,EUPHORIA,0.999999999659849,True,10,False,BULL_STRUCTURE,BULL_STRUCTURE,1.0,0.4600224411054078109158608904,0.4600224411054078109158608904
2025-10-13 00:00:00+00:00,3,EUPHORIA,0.9999999386163855,True,11,False,BULL_STRUCTURE,BULL_STRUCTURE,1.0,0.4604697858278576655358597574,0.4604697858278576655358597574
2025-10-14 00:00:00+00:00,3,EUPHORIA,0.9999999946712705,True,12,False,BULL_STRUCTURE,BULL_STRUCTURE,1.0,0.4558182098136944775098857273,0.4558182098136944775098857273
2025-10-15 00:00:00+00:00,3,EUPHORIA,0.9999999986457624,True,13,False,BULL_STRUCTURE,BULL_STRUCTURE,1.0,0.4508020034330918411729920754,0.4508020034330918411729920754
2025-10-16 00:00:00+00:00,3,EUPHORIA,0.999999999573447,True,14,False,BULL_STRUCTURE,BULL_STRUCTURE,1.0,0.4449990665434422842173627410,0.4449990665434422842173627410
2025-10-17 00:00:00+00:00,3,EUPHORIA,0.999999997760824,True,15,False,BULL_STRUCTURE,BULL_STRUCTURE,1.0,0.4409462012663106349075280388,0.4409462012663106349075280388
2025-10-18 00:00:00+00:00,3,EUPHORIA,0.9999999796964405,True,16,False,BULL_STRUCTURE,BULL_STRUCTURE,1.0,0.4426856042556527528725161678,0.4426856042556527528725161678
2025-10-19 00:00:00+00:00,3,EUPHORIA,0.9999986647853621,True,17,False,BULL_STRUCTURE,BULL_STRUCTURE,1.0,0.4460209716524640785460872361,0.4460209716524640785460872361
2025-10-20 00:00:00+00:00,0,CRASH,0.9637869854383457,True,1,False,BULL_STRUCTURE,BULL_STRUCTURE,1.0,0.4502847577752384903578082988,0.4502847577752384903578082988
2025-10-21 00:00:00+00:00,0,CRASH,0.9923922384468616,True,2,False,BULL_STRUCTURE,BULL_STRUCTURE,1.0,0.4452349744017696751187990494,0.4452349744017696751187990494
2025-10-22 00:00:00+00:00,0,CRASH,0.7988765328419448,True,3,False,BULL_STRUCTURE,BULL_STRUCTURE,1.0,0.4435644813468669709261746083,0.4435644813468669709261746083
2025-10-23 00:00:00+00:00,0,CRASH,0.016262517843348537,False,3,False,BULL_STRUCTURE,BULL_STRUCTURE,1.0,0.4492663769663800928647552859,0.4492663769663800928647552859
2025-10-24 00:00:00+00:00,0,CRASH,7.427030505895722e-06,False,3,False,BULL_STRUCTURE,BULL_STRUCTURE,1.0,0.4513415227871892684321515530,0.4513415227871892684321515530
2025-10-25 00:00:00+00:00,2,BULL,0.9999998189801027,True,3,False,BULL_STRUCTURE,BULL_STRUCTURE,1.0,0.95,0.95
2025-10-26 00:00:00+00:00,2,BULL,0.9894116003103818,True,4,False,BULL_STRUCTURE,BULL_STRUCTURE,1.0,0.9518095272245121764707114464,0.9518095272245121764707114464
2025-10-27 00:00:00+00:00,2,BULL,0.28691029663233986,False,4,False,BULL_STRUCTURE,BULL_STRUCTURE,1.0,0.475,0.475
2025-10-28 00:00:00+00:00,2,BULL,0.9999651841789248,True,5,False,BULL_STRUCTURE,BULL_STRUCTURE,1.0,0.95,0.95
2025-10-29 00:00:00+00:00,2,BULL,0.9797298818237093,True,6,False,BULL_STRUCTURE,BULL_STRUCTURE,1.0,0.9493629260201363745234039242,0.9493629260201363745234039242
2025-10-30 00:00:00+00:00,2,BULL,1.2146037218450619e-09,False,6,False,BULL_STRUCTURE,BULL_STRUCTURE,1.0,0.475,0.475
2025-10-31 00:00:00+00:00,2,BULL,3.977764591622918e-12,False,6,False,BULL_STRUCTURE,BULL_STRUCTURE,1.0,0.4782339055670387897698920004,0.4782339055670387897698920004
2025-11-01 00:00:00+00:00,1,BEAR,0.9999994681817548,True,3,False,BULL_STRUCTURE,BULL_STRUCTURE,1.0,0.95,0.95
2025-11-02 00:00:00+00:00,1,BEAR,0.999993254004056,True,4,False,BULL_STRUCTURE,BULL_STRUCTURE,1.0,0.9507684280556386087488428850,0.9507684280556386087488428850
2025-11-03 00:00:00+00:00,1,BEAR,0.999999893078899,True,5,False,TRANSITION,BULL_STRUCTURE,0.6,0.9490335320623629229833879605,0.6
2025-11-04 00:00:00+00:00,1,BEAR,0.9999999993469828,True,6,False,TRANSITION,BULL_STRUCTURE,0.6,0.95,0.6
2025-11-05 00:00:00+00:00,1,BEAR,0.9999999981364454,True,7,False,TRANSITION,BULL_STRUCTURE,0.6,0.95,0.6
2025-11-06 00:00:00+00:00,1,BEAR,0.9999998482721937,True,8,False,TRANSITION,BULL_STRUCTURE,0.6,0.95,0.6
2025-11-07 00:00:00+00:00,1,BEAR,0.9999999813076104,True,9,False,TRANSITION,TRANSITION,0.6,0.95,0.6
2025-11-08 00:00:00+00:00,1,BEAR,0.9999986849706608,True,10,False,TRANSITION,TRANSITION,0.6,0.95,0.6
2025-11-09 00:00:00+00:00,1,BEAR,0.01451437052232667,False,10,False,TRANSITION,TRANSITION,0.6,0.6055754705115999985323620916,0.6
2025-11-10 00:00:00+00:00,1,BEAR,1.3451804499909277e-05,False,10,False,TRANSITION,TRANSITION,0.6,0.6029331724778020395901924358,0.6
2025-11-11 00:00:00+00:00,1,BEAR,8.644263077588427e-08,False,10,False,TRANSITION,TRANSITION,0.6,0.5932039420112838378110889131,0.5932039420112838378110889131
2025-11-12 00:00:00+00:00,1,BEAR,1.078511697710881e-10,False,10,False,TRANSITION,TRANSITION,0.6,0.5898882113325806661116979383,0.5898882113325806661116979383
2025-11-13 00:00:00+00:00,0,CRASH,1.0,True,3,False,TRANSITION,TRANSITION,0.6,0.5851643602919979419486360801,0.5851643602919979419486360801
2025-11-14 00:00:00+00:00,0,CRASH,1.0,True,4,False,TRANSITION,TRANSITION,0.6,0.5723679166807754727855047820,0.5723679166807754727855047820
2025-11-15 00:00:00+00:00,0,CRASH,1.0,True,5,False,TRANSITION,TRANSITION,0.6,0.5749455904327617340054956367,0.5749455904327617340054956367
2025-11-16 00:00:00+00:00,0,CRASH,1.0,True,6,False,TRANSITION,TRANSITION,0.6,0.5715056794468673630978387400,0.5715056794468673630978387400
2025-11-17 00:00:00+00:00,0,CRASH,1.0,True,7,False,TRANSITION,TRANSITION,0.6,0.5661227000987358574701299653,0.5661227000987358574701299653
2025-11-18 00:00:00+00:00,0,CRASH,1.0,True,8,False,TRANSITION,TRANSITION,0.6,0.5680998972037475314103082398,0.5680998972037475314103082398
2025-11-19 00:00:00+00:00,0,CRASH,0.9999872927853827,True,9,False,TRANSITION,TRANSITION,0.6,0.5643570632669237335706211329,0.5643570632669237335706211329
2025-11-20 00:00:00+00:00,0,CRASH,1.0,True,10,False,TRANSITION,TRANSITION,0.6,0.5507383487038006761784665083,0.5507383487038006761784665083
2025-11-21 00:00:00+00:00,0,CRASH,1.0,True,11,False,TRANSITION,TRANSITION,0.6,0.5463905786712504200167710590,0.5463905786712504200167710590
2025-11-22 00:00:00+00:00,0,CRASH,1.0,True,12,False,TRANSITION,TRANSITION,0.6,0.5452531808078915472453138144,0.5452531808078915472453138144
2025-11-23 00:00:00+00:00,0,CRASH,1.0,True,13,False,TRANSITION,TRANSITION,0.6,0.5512882030910376596391100267,0.5512882030910376596391100267
2025-11-24 00:00:00+00:00,0,CRASH,0.9999999993174242,True,14,False,TRANSITION,TRANSITION,0.6,0.5554373816874604541262379101,0.5554373816874604541262379101
2025-11-25 00:00:00+00:00,0,CRASH,3.3023867019854083e-05,False,14,False,TRANSITION,TRANSITION,0.6,0.25,0.25
2025-11-26 00:00:00+00:00,0,CRASH,0.08065980152032202,False,14,False,TRANSITION,TRANSITION,0.6,0.2567233401612171238042113885,0.2567233401612171238042113885
2025-11-27 00:00:00+00:00,0,CRASH,0.00046228936631364804,False,14,False,TRANSITION,TRANSITION,0.6,0.2585113961228865228597491060,0.2585113961228865228597491060
2025-11-28 00:00:00+00:00,0,CRASH,9.165943693117883e-06,False,14,False,TRANSITION,TRANSITION,0.6,0.2575799754471640715225970718,0.2575799754471640715225970718
2025-11-29 00:00:00+00:00,0,CRASH,6.656549456104052e-07,False,14,False,TRANSITION,TRANSITION,0.6,0.2573942314056492097922449679,0.2573942314056492097922449679
2025-11-30 00:00:00+00:00,2,BULL,0.9999983166576911,True,3,False,TRANSITION,TRANSITION,0.6,0.95,0.6
2025-12-01 00:00:00+00:00,2,BULL,0.013880353741077593,False,3,False,TRANSITION,TRANSITION,0.6,0.5891478323087366500415776183,0.5891478323087366500415776183
2025-12-02 00:00:00+00:00,2,BULL,5.133179418393015e-07,False,3,False,BEAR_STRUCTURE,TRANSITION,0.3,0.6026896524052636394566452954,0.3
2025-12-03 00:00:00+00:00,2,BULL,0.9913209754838139,True,4,False,BEAR_STRUCTURE,TRANSITION,0.3,0.95,0.3
2025-12-04 00:00:00+00:00,2,BULL,0.9681299151920207,True,5,False,BEAR_STRUCTURE,TRANSITION,0.3,0.95,0.3
2025-12-05 00:00:00+00:00,2,BULL,7.274111504330502e-06,False,5,False,BEAR_STRUCTURE,TRANSITION,0.3,0.2936758298017607295039936442,0.2936758298017607295039936442
2025-12-06 00:00:00+00:00,2,BULL,0.9536068084328726,True,6,False,BEAR_STRUCTURE,BEAR_STRUCTURE,0.3,0.95,0.3
2025-12-07 00:00:00+00:00,2,BULL,0.9999457587700827,True,7,False,BEAR_STRUCTURE,BEAR_STRUCTURE,0.3,0.95,0.3
2025-12-08 00:00:00+00:00,2,BULL,0.9762905820418588,True,8,False,BEAR_STRUCTURE,BEAR_STRUCTURE,0.3,0.95,0.3
2025-12-09 00:00:00+00:00,2,BULL,0.9995397420726172,True,9,False,BEAR_STRUCTURE,BEAR_STRUCTURE,0.3,0.95,0.3
2025-12-10 00:00:00+00:00,2,BULL,0.9992986346348993,True,10,False,BEAR_STRUCTURE,BEAR_STRUCTURE,0.3,0.95,0.3
2025-12-11 00:00:00+00:00,2,BULL,0.995984766983415,True,11,False,BEAR_STRUCTURE,BEAR_STRUCTURE,0.3,0.95,0.3
2025-12-12 00:00:00+00:00,2,BULL,0.7099997111348673,True,12,False,BEAR_STRUCTURE,BEAR_STRUCTURE,0.3,0.95,0.3
2025-12-13 00:00:00+00:00,2,BULL,0.016557076441070902,False,12,False,BEAR_STRUCTURE,BEAR_STRUCTURE,0.3,0.2999357046512800902157727348,0.2999357046512800902157727348
2025-12-14 00:00:00+00:00,2,BULL,3.18589743677684e-11,False,12,False,BEAR_STRUCTURE,BEAR_STRUCTURE,0.3,0.2950908684176810457854002998,0.2950908684176810457854002998
2025-12-15 00:00:00+00:00,2,BULL,1.1228978557340219e-18,False,12,False,BEAR_STRUCTURE,BEAR_STRUCTURE,0.3,0.2909616708270676474183922225,0.2909616708270676474183922225
2025-12-16 00:00:00+00:00,2,BULL,2.4025954274761892e-23,False,12,False,BEAR_STRUCTURE,BEAR_STRUCTURE,0.3,0.2943617243655981929793008886,0.2943617243655981929793008886
2025-12-17 00:00:00+00:00,1,BEAR,0.9999943260188038,True,3,False,BEAR_STRUCTURE,BEAR_STRUCTURE,0.3,0.95,0.3
2025-12-18 00:00:00+00:00,1,BEAR,0.9999999995361577,True,4,False,BEAR_STRUCTURE,BEAR_STRUCTURE,0.3,0.95,0.3
2025-12-19 00:00:00+00:00,1,BEAR,0.9997419019883248,True,5,False,BEAR_STRUCTURE,BEAR_STRUCTURE,0.3,0.95,0.3
2025-12-20 00:00:00+00:00,1,BEAR,0.3417687100165034,False,5,False,BEAR_STRUCTURE,BEAR_STRUCTURE,0.3,0.3005344325683227983451990946,0.3
2025-12-21 00:00:00+00:00,1,BEAR,0.17033593673986364,False,5,False,BEAR_STRUCTURE,BEAR_STRUCTURE,0.3,0.3007060885958230059712051759,0.3
2025-12-22 00:00:00+00:00,2,BULL,0.8685110006600721,True,3,False,BEAR_STRUCTURE,BEAR_STRUCTURE,0.3,0.95,0.3
2025-12-23 00:00:00+00:00,2,BULL,0.032416845676778175,False,3,False,BEAR_STRUCTURE,BEAR_STRUCTURE,0.3,0.2972103368062779967015348385,0.2972103368062779967015348385
2025-12-24 00:00:00+00:00,2,BULL,0.00946895220963546,False,3,False,BEAR_STRUCTURE,BEAR_STRUCTURE,0.3,0.2976480582802863597720478727,0.2976480582802863597720478727
2025-12-25 00:00:00+00:00,2,BULL,0.00015014728446645397,False,3,False,BEAR_STRUCTURE,BEAR_STRUCTURE,0.3,0.2965872815406462582151024392,0.2965872815406462582151024392
2025-12-26 00:00:00+00:00,0,CRASH,0.9922573651310319,True,3,False,BEAR_STRUCTURE,BEAR_STRUCTURE,0.3,0.2969322215962316983117873994,0.2969322215962316983117873994
2025-12-27 00:00:00+00:00,0,CRASH,0.9999283101233879,True,4,False,BEAR_STRUCTURE,BEAR_STRUCTURE,0.3,0.2981426505062151180090056736,0.2981426505062151180090056736
2025-12-28 00:00:00+00:00,0,CRASH,0.87959238205587,True,5,False,BEAR_STRUCTURE,BEAR_STRUCTURE,0.3,0.2983228618157554003894645425,0.2983228618157554003894645425
2025-12-29 00:00:00+00:00,0,CRASH,0.9824515770193661,True,6,False,BEAR_STRUCTURE,BEAR_STRUCTURE,0.3,0.2966156468544903650898247167,0.2966156468544903650898247167
2025-12-30 00:00:00+00:00,0,CRASH,0.9904212530296348,True,7,False,BEAR_STRUCTURE,BEAR_STRUCTURE,0.3,0.2995885841413804030060216663,0.2995885841413804030060216663
2025-12-31 00:00:00+00:00,0,CRASH,0.9999800202221748,True,8,False,BEAR_STRUCTURE,BEAR_STRUCTURE,0.3,0.2975974302702296443962103371,0.2975974302702296443962103371
2026-01-01 00:00:00+00:00,0,CRASH,0.9999980757557165,True,9,False,BEAR_STRUCTURE,BEAR_STRUCTURE,0.3,0.3004259932999913810252820512,0.3
2026-01-02 00:00:00+00:00,0,CRASH,0.9999246717613096,True,10,False,BEAR_STRUCTURE,BEAR_STRUCTURE,0.3,0.3027219230452609193403544627,0.3
2026-01-03 00:00:00+00:00,0,CRASH,0.9949319516453747,True,11,False,BEAR_STRUCTURE,BEAR_STRUCTURE,0.3,0.3014738579289751424653994988,0.3
2026-01-04 00:00:00+00:00,0,CRASH,0.9899190699698668,True,12,False,BEAR_STRUCTURE,BEAR_STRUCTURE,0.3,0.3020831384685086178360231116,0.3
2026-01-05 00:00:00+00:00,0,CRASH,0.9513709055632129,True,13,False,BEAR_STRUCTURE,BEAR_STRUCTURE,0.3,0.3053057852741583373119630965,0.3
2026-01-06 00:00:00+00:00,0,CRASH,0.8338637716282343,True,14,False,BEAR_STRUCTURE,BEAR_STRUCTURE,0.3,0.2997510441035288277072611355,0.2997510441035288277072611355
2026-01-07 00:00:00+00:00,0,CRASH,0.9999923592618828,True,15,False,BEAR_STRUCTURE,BEAR_STRUCTURE,0.3,0.2943727341979231192933131743,0.2943727341979231192933131743
2026-01-08 00:00:00+00:00,0,CRASH,0.9999997108030093,True,16,False,BEAR_STRUCTURE,BEAR_STRUCTURE,0.3,0.2937716291536862325499969642,0.2937716291536862325499969642
2026-01-09 00:00:00+00:00,0,CRASH,0.9999999770398065,True,17,False,BEAR_STRUCTURE,BEAR_STRUCTURE,0.3,0.2927254217748122343613690869,0.2927254217748122343613690869
2026-01-10 00:00:00+00:00,0,CRASH,0.9999999995102371,True,18,False,BEAR_STRUCTURE,BEAR_STRUCTURE,0.3,0.2924133164558442138650745436,0.2924133164558442138650745436
2026-01-11 00:00:00+00:00,0,CRASH,0.999999999990905,True,19,False,BEAR_STRUCTURE,BEAR_STRUCTURE,0.3,0.2935749448688804677299544556,0.2935749448688804677299544556
2026-01-12 00:00:00+00:00,0,CRASH,0.9539727571148352,True,20,False,BEAR_STRUCTURE,BEAR_STRUCTURE,0.3,0.2942181925475554604518489530,0.2942181925475554604518489530
2026-01-13 00:00:00+00:00,0,CRASH,0.9999949775072927,True,21,False,BEAR_STRUCTURE,BEAR_STRUCTURE,0.3,0.3034614957686101958421431261,0.3
2026-01-14 00:00:00+00:00,0,CRASH,0.9999986174698741,True,22,False,BEAR_STRUCTURE,BEAR_STRUCTURE,0.3,0.3033680236678246996154051378,0.3
2026-01-15 00:00:00+00:00,0,CRASH,0.9999999040578632,True,23,False,BEAR_STRUCTURE,BEAR_STRUCTURE,0.3,0.2970703311176415766780575902,0.2970703311176415766780575902
2026-01-16 00:00:00+00:00,0,CRASH,0.9998298713460869,True,24,False,BEAR_STRUCTURE,BEAR_STRUCTURE,0.3,0.2969526706703939581746631485,0.2969526706703939581746631485
2026-01-17 00:00:00+00:00,0,CRASH,0.9926329233344346,True,25,False,BEAR_STRUCTURE,BEAR_STRUCTURE,0.3,0.2960706687270674636106843854,0.2960706687270674636106843854
2026-01-18 00:00:00+00:00,0,CRASH,0.0024744840996038854,False,25,False,BEAR_STRUCTURE,BEAR_STRUCTURE,0.3,0.2928257316082724132583451914,0.2928257316082724132583451914
2026-01-19 00:00:00+00:00,0,CRASH,0.006451370575939862,False,25,False,BEAR_STRUCTURE,BEAR_STRUCTURE,0.3,0.2905143917185503168634284800,0.2905143917185503168634284800
2026-01-20 00:00:00+00:00,0,CRASH,0.9999954135915361,True,26,False,BEAR_STRUCTURE,BEAR_STRUCTURE,0.3,0.2810364796548344740415345246,0.2810364796548344740415345246
2026-01-21 00:00:00+00:00,0,CRASH,0.9999997467421374,True,27,False,BEAR_STRUCTURE,BEAR_STRUCTURE,0.3,0.2833756731886188740282901360,0.2833756731886188740282901360
2026-01-22 00:00:00+00:00,0,CRASH,0.9996817843273256,True,28,False,BEAR_STRUCTURE,BEAR_STRUCTURE,0.3,0.2836138215040010628455401853,0.2836138215040010628455401853
2026-01-23 00:00:00+00:00,0,CRASH,0.0033471276776431895,False,28,False,BEAR_STRUCTURE,BEAR_STRUCTURE,0.3,0.2837058930290107333160538605,0.2837058930290107333160538605
2026-01-24 00:00:00+00:00,0,CRASH,2.386701619681195e-16,False,28,False,BEAR_STRUCTURE,BEAR_STRUCTURE,0.3,0.2828545492965810191293143466,0.2828545492965810191293143466
2026-01-25 00:00:00+00:00,0,CRASH,5.644471626765003e-15,False,28,False,BEAR_STRUCTURE,BEAR_STRUCTURE,0.3,0.2769985416550574100760838741,0.2769985416550574100760838741
2026-01-26 00:00:00+00:00,0,CRASH,7.415281382621808e-12,False,28,False,BEAR_STRUCTURE,BEAR_STRUCTURE,0.3,0.2808523092183890506410739539,0.2808523092183890506410739539
2026-01-27 00:00:00+00:00,2,BULL,0.9997119433525294,True,3,False,BEAR_STRUCTURE,BEAR_STRUCTURE,0.3,0.95,0.3
2026-01-28 00:00:00+00:00,2,BULL,0.9991480701896354,True,4,False,BEAR_STRUCTURE,BEAR_STRUCTURE,0.3,0.95,0.3
2026-01-29 00:00:00+00:00,2,BULL,1.9598882827742165e-11,False,4,False,BEAR_STRUCTURE,BEAR_STRUCTURE,0.3,0.2888917239125026777285411146,0.2888917239125026777285411146
2026-01-30 00:00:00+00:00,2,BULL,1.1028360074683526e-13,False,4,False,BEAR_STRUCTURE,BEAR_STRUCTURE,0.3,0.2879447937401339262303223518,0.2879447937401339262303223518
2026-01-31 00:00:00+00:00,1,BEAR,0.997946542667321,True,3,False,BEAR_STRUCTURE,BEAR_STRUCTURE,0.3,0.95,0.3
2026-02-01 00:00:00+00:00,1,BEAR,0.991169744841126,True,4,False,BEAR_STRUCTURE,BEAR_STRUCTURE,0.3,0.95,0.3
2026-02-02 00:00:00+00:00,1,BEAR,0.9913768975815164,True,5,False,BEAR_STRUCTURE,BEAR_STRUCTURE,0.3,0.95,0.3
2026-02-03 00:00:00+00:00,1,BEAR,2.339012181030699e-09,False,5,False,BEAR_STRUCTURE,BEAR_STRUCTURE,0.3,0.2919940907037616179280790918,0.2919940907037616179280790918
2026-02-04 00:00:00+00:00,1,BEAR,3.0465688683286675e-21,False,5,False,BEAR_STRUCTURE,BEAR_STRUCTURE,0.3,0.2848161874718248596658443317,0.2848161874718248596658443317
2026-02-05 00:00:00+00:00,1,BEAR,2.787306637517267e-50,False,5,False,BEAR_STRUCTURE,BEAR_STRUCTURE,0.3,0.2550759021631071339003212421,0.2550759021631071339003212421
2026-02-06 00:00:00+00:00,0,CRASH,1.0,True,3,False,BEAR_STRUCTURE,BEAR_STRUCTURE,0.3,0.2775446934650178946137162427,0.2775446934650178946137162427
2026-02-07 00:00:00+00:00,0,CRASH,1.0,True,4,False,BEAR_STRUCTURE,BEAR_STRUCTURE,0.3,0.2738586818806408379554801359,0.2738586818806408379554801359
2026-02-08 00:00:00+00:00,0,CRASH,1.0,True,5,False,BEAR_STRUCTURE,BEAR_STRUCTURE,0.3,0.2768341034364650108567069978,0.2768341034364650108567069978
2026-02-09 00:00:00+00:00,0,CRASH,1.0,True,6,False,BEAR_STRUCTURE,BEAR_STRUCTURE,0.3,0.2762860745180974534441157445,0.2762860745180974534441157445
2026-02-10 00:00:00+00:00,0,CRASH,1.0,True,7,False,BEAR_STRUCTURE,BEAR_STRUCTURE,0.3,0.2725703846645495594232925102,0.2725703846645495594232925102
2026-02-11 00:00:00+00:00,0,CRASH,0.9999989765188511,True,8,False,BEAR_STRUCTURE,BEAR_STRUCTURE,0.3,0.2674692761660974006001952415,0.2674692761660974006001952415
2026-02-12 00:00:00+00:00,0,CRASH,0.9999758017328696,True,9,False,BEAR_STRUCTURE,BEAR_STRUCTURE,0.3,0.2650947962936253400474577764,0.2650947962936253400474577764
2026-02-13 00:00:00+00:00,0,CRASH,0.9999981554191167,True,10,False,BEAR_STRUCTURE,BEAR_STRUCTURE,0.3,0.2726068747998926981191286240,0.2726068747998926981191286240
2026-02-14 00:00:00+00:00,0,CRASH,0.9994747500103736,True,11,False,BEAR_STRUCTURE,BEAR_STRUCTURE,0.3,0.2753868019571940085522282317,0.2753868019571940085522282317
2026-02-15 00:00:00+00:00,0,CRASH,0.9983916342292023,True,12,False,BEAR_STRUCTURE,BEAR_STRUCTURE,0.3,0.2725452973729439734033485865,0.2725452973729439734033485865
2026-02-16 00:00:00+00:00,0,CRASH,0.9999999349338416,True,13,False,BEAR_STRUCTURE,BEAR_STRUCTURE,0.3,0.2727176475956561926260503196,0.2727176475956561926260503196
2026-02-17 00:00:00+00:00,0,CRASH,0.9999708882832444,True,14,False,BEAR_STRUCTURE,BEAR_STRUCTURE,0.3,0.2686968399846767284176077562,0.2686968399846767284176077562
2026-02-18 00:00:00+00:00,0,CRASH,0.05773461166033562,False,14,False,BEAR_STRUCTURE,BEAR_STRUCTURE,0.3,0.2656494787270417522074550774,0.2656494787270417522074550774
2026-02-19 00:00:00+00:00,0,CRASH,0.00022076313892792926,False,14,False,BEAR_STRUCTURE,BEAR_STRUCTURE,0.3,0.2672390800810587188648727254,0.2672390800810587188648727254
2026-02-20 00:00:00+00:00,2,BULL,0.9999942105918548,True,3,False,BEAR_STRUCTURE,BEAR_STRUCTURE,0.3,0.95,0.3
2026-02-21 00:00:00+00:00,2,BULL,0.9999937298695054,True,4,False,BEAR_STRUCTURE,BEAR_STRUCTURE,0.3,0.95,0.3
2026-02-22 00:00:00+00:00,2,BULL,0.9999663417273231,True,5,False,BEAR_STRUCTURE,BEAR_STRUCTURE,0.3,0.95,0.3
2026-02-23 00:00:00+00:00,2,BULL,0.9999999981628207,True,6,False,BEAR_STRUCTURE,BEAR_STRUCTURE,0.3,0.95,0.3
2026-02-24 00:00:00+00:00,2,BULL,0.999999999917236,True,7,False,BEAR_STRUCTURE,BEAR_STRUCTURE,0.3,0.95,0.3
2026-02-25 00:00:00+00:00,2,BULL,0.9999804247897037,True,8,False,BEAR_STRUCTURE,BEAR_STRUCTURE,0.3,0.95,0.3
2026-02-26 00:00:00+00:00,2,BULL,0.9999793321302035,True,9,False,BEAR_STRUCTURE,BEAR_STRUCTURE,0.3,0.95,0.3
2026-02-27 00:00:00+00:00,2,BULL,0.7452540539313248,True,10,False,BEAR_STRUCTURE,BEAR_STRUCTURE,0.3,0.95,0.3
2026-02-28 00:00:00+00:00,2,BULL,0.999999942599972,True,11,False,BEAR_STRUCTURE,BEAR_STRUCTURE,0.3,0.95,0.3
2026-03-01 00:00:00+00:00,2,BULL,0.9999999853525879,True,12,False,BEAR_STRUCTURE,BEAR_STRUCTURE,0.3,0.95,0.3
2026-03-02 00:00:00+00:00,2,BULL,0.9999771619875384,True,13,False,BEAR_STRUCTURE,BEAR_STRUCTURE,0.3,0.95,0.3
2026-03-03 00:00:00+00:00,2,BULL,0.9999918971453509,True,14,False,BEAR_STRUCTURE,BEAR_STRUCTURE,0.3,0.95,0.3
2026-03-04 00:00:00+00:00,2,BULL,1.5193035061762605e-07,False,14,False,BEAR_STRUCTURE,BEAR_STRUCTURE,0.3,0.3130544507259810935871181232,0.3
2026-03-05 00:00:00+00:00,2,BULL,0.0017727329861750888,False,14,False,BEAR_STRUCTURE,BEAR_STRUCTURE,0.3,0.2948334135365302062756760503,0.2948334135365302062756760503
2026-03-06 00:00:00+00:00,2,BULL,2.2575160285562377e-07,False,14,False,BEAR_STRUCTURE,BEAR_STRUCTURE,0.3,0.2865948304545017408333445651,0.2865948304545017408333445651
2026-03-07 00:00:00+00:00,0,CRASH,0.9999999999654392,True,3,False,BEAR_STRUCTURE,BEAR_STRUCTURE,0.3,0.2840308669895505364115440659,0.2840308669895505364115440659
2026-03-08 00:00:00+00:00,0,CRASH,0.9999999999990905,True,4,False,BEAR_STRUCTURE,BEAR_STRUCTURE,0.3,0.2801041956608040810108688532,0.2801041956608040810108688532
2026-03-09 00:00:00+00:00,0,CRASH,1.0,True,5,False,BEAR_STRUCTURE,BEAR_STRUCTURE,0.3,0.2875485164643033526548998767,0.2875485164643033526548998767
2026-03-10 00:00:00+00:00,0,CRASH,0.9999999999608917,True,6,False,BEAR_STRUCTURE,BEAR_STRUCTURE,0.3,0.2920596055081623814736005272,0.2920596055081623814736005272
2026-03-11 00:00:00+00:00,0,CRASH,0.36764524678081306,False,6,False,BEAR_STRUCTURE,BEAR_STRUCTURE,0.3,0.2927778383876193013902195039,0.2927778383876193013902195039
2026-03-12 00:00:00+00:00,0,CRASH,0.0053636196031052194,False,6,False,BEAR_STRUCTURE,BEAR_STRUCTURE,0.3,0.2938072688588408187683600729,0.2938072688588408187683600729
2026-03-13 00:00:00+00:00,0,CRASH,1.398224880261344e-06,False,6,False,BEAR_STRUCTURE,BEAR_STRUCTURE,0.3,0.2949485941998736433712403777,0.2949485941998736433712403777
2026-03-14 00:00:00+00:00,0,CRASH,0.0009514570210729859,False,6,False,BEAR_STRUCTURE,BEAR_STRUCTURE,0.3,0.2957742525341293034350665098,0.2957742525341293034350665098
2026-03-15 00:00:00+00:00,0,CRASH,2.2591633774375585e-05,False,6,False,BEAR_STRUCTURE,BEAR_STRUCTURE,0.3,0.3004327838576752967837060229,0.3
2026-03-16 00:00:00+00:00,2,BULL,0.528408980798148,True,3,False,BEAR_STRUCTURE,BEAR_STRUCTURE,0.3,0.3059171441882981565881946270,0.3
2026-03-17 00:00:00+00:00,2,BULL,0.18890460258084263,False,3,False,BEAR_STRUCTURE,BEAR_STRUCTURE,0.3,0.2972551699094955053251855721,0.2972551699094955053251855721
2026-03-18 00:00:00+00:00,2,BULL,0.00013242284818073248,False,3,False,BEAR_STRUCTURE,BEAR_STRUCTURE,0.3,0.2896476055708843881925746753,0.2896476055708843881925746753
2026-03-19 00:00:00+00:00,2,BULL,2.2398488349090353e-11,False,3,False,BEAR_STRUCTURE,BEAR_STRUCTURE,0.3,0.2858251293896903588579536810,0.2858251293896903588579536810
2026-03-20 00:00:00+00:00,2,BULL,1.036699178864388e-16,False,3,False,BEAR_STRUCTURE,BEAR_STRUCTURE,0.3,0.2875162947663901911212847724,0.2875162947663901911212847724
2026-03-21 00:00:00+00:00,0,CRASH,0.9968562627808298,True,3,False,BEAR_STRUCTURE,BEAR_STRUCTURE,0.3,0.2828591347386746606682986490,0.2828591347386746606682986490
2026-03-22 00:00:00+00:00,0,CRASH,0.9998084413698107,True,4,False,BEAR_STRUCTURE,BEAR_STRUCTURE,0.3,0.2797281684869875567841649173,0.2797281684869875567841649173
2026-03-23 00:00:00+00:00,0,CRASH,0.999999151634616,True,5,False,BEAR_STRUCTURE,BEAR_STRUCTURE,0.3,0.2886641046947815019979509372,0.2886641046947815019979509372
2026-03-24 00:00:00+00:00,0,CRASH,0.9999999336505447,True,6,False,BEAR_STRUCTURE,BEAR_STRUCTURE,0.3,0.2876499398388027192637023087,0.2876499398388027192637023087
2026-03-25 00:00:00+00:00,0,CRASH,0.9999999953415681,True,7,False,BEAR_STRUCTURE,BEAR_STRUCTURE,0.3,0.2899073913706977856533206208,0.2899073913706977856533206208
2026-03-26 00:00:00+00:00,0,CRASH,0.9999999999636202,True,8,False,BEAR_STRUCTURE,BEAR_STRUCTURE,0.3,0.2825711304901647332373612984,0.2825711304901647332373612984
2026-03-27 00:00:00+00:00,0,CRASH,0.9999999999990905,True,9,False,BEAR_STRUCTURE,BEAR_STRUCTURE,0.3,0.2753919137962407939503517084,0.2753919137962407939503517084
2026-03-28 00:00:00+00:00,0,CRASH,1.0,True,10,False,BEAR_STRUCTURE,BEAR_STRUCTURE,0.3,0.2753010023573506217449896091,0.2753010023573506217449896091
2026-03-29 00:00:00+00:00,0,CRASH,1.0,True,11,False,BEAR_STRUCTURE,BEAR_STRUCTURE,0.3,0.2741989371160858926938042029,0.2741989371160858926938042029
2026-03-30 00:00:00+00:00,0,CRASH,1.0,True,12,False,BEAR_STRUCTURE,BEAR_STRUCTURE,0.3,0.2765622253461073453206073787,0.2765622253461073453206073787
2026-03-31 00:00:00+00:00,0,CRASH,0.9999999999472493,True,13,False,BEAR_STRUCTURE,BEAR_STRUCTURE,0.3,0.2809892503520384329392824736,0.2809892503520384329392824736
2026-04-01 00:00:00+00:00,0,CRASH,0.845315834435164,True,14,False,BEAR_STRUCTURE,BEAR_STRUCTURE,0.3,0.2804842575511748926851814496,0.2804842575511748926851814496
2026-04-02 00:00:00+00:00,0,CRASH,0.8968106939822278,True,15,False,BEAR_STRUCTURE,BEAR_STRUCTURE,0.3,0.2768754538795262078843442700,0.2768754538795262078843442700
2026-04-03 00:00:00+00:00,0,CRASH,0.016416573382442522,False,15,False,BEAR_STRUCTURE,BEAR_STRUCTURE,0.3,0.2770618789417523221170952303,0.2770618789417523221170952303
2026-04-04 00:00:00+00:00,0,CRASH,9.251656203589036e-06,False,15,False,BEAR_STRUCTURE,BEAR_STRUCTURE,0.3,0.2780658596706957117757935498,0.2780658596706957117757935498
2026-04-05 00:00:00+00:00,2,BULL,0.9972875720879415,True,3,False,BEAR_STRUCTURE,BEAR_STRUCTURE,0.3,0.95,0.3
2026-04-06 00:00:00+00:00,2,BULL,0.9972124154141079,True,4,False,BEAR_STRUCTURE,BEAR_STRUCTURE,0.3,0.95,0.3
2026-04-07 00:00:00+00:00,2,BULL,2.2895405699003333e-05,False,4,False,BEAR_STRUCTURE,BEAR_STRUCTURE,0.3,0.3092404364674995758635440911,0.3
2026-04-08 00:00:00+00:00,2,BULL,3.182153319424823e-07,False,4,False,BEAR_STRUCTURE,BEAR_STRUCTURE,0.3,0.2974991206908952703228306085,0.2974991206908952703228306085
2026-04-09 00:00:00+00:00,3,EUPHORIA,0.9991690088947893,True,3,False,BEAR_STRUCTURE,BEAR_STRUCTURE,0.3,0.2996043136056165252876269077,0.2996043136056165252876269077
2026-04-10 00:00:00+00:00,3,EUPHORIA,0.9986495124661791,True,4,False,BEAR_STRUCTURE,BEAR_STRUCTURE,0.3,0.3030213838205072720769915320,0.3
2026-04-11 00:00:00+00:00,3,EUPHORIA,0.9990390794232997,True,5,False,BEAR_STRUCTURE,BEAR_STRUCTURE,0.3,0.3002318206502274896140407737,0.3
2026-04-12 00:00:00+00:00,3,EUPHORIA,0.005220977040533401,False,5,False,BEAR_STRUCTURE,BEAR_STRUCTURE,0.3,0.2933177210924379425903755047,0.2933177210924379425903755047
2026-04-13 00:00:00+00:00,3,EUPHORIA,0.5592015472763231,True,6,False,BEAR_STRUCTURE,BEAR_STRUCTURE,0.3,0.3039301516867532170116492094,0.3
2026-04-14 00:00:00+00:00,3,EUPHORIA,0.34609551752495915,False,6,False,BEAR_STRUCTURE,BEAR_STRUCTURE,0.3,0.2991917144234076028147448753,0.2991917144234076028147448753
2026-04-15 00:00:00+00:00,3,EUPHORIA,0.022658546507827906,False,6,False,BEAR_STRUCTURE,BEAR_STRUCTURE,0.3,0.3011053957302074540985039232,0.3
2026-04-16 00:00:00+00:00,1,BEAR,0.9965704390294965,True,3,False,BEAR_STRUCTURE,BEAR_STRUCTURE,0.3,0.95,0.3
2026-04-17 00:00:00+00:00,1,BEAR,0.05506372519274057,False,3,False,BEAR_STRUCTURE,BEAR_STRUCTURE,0.3,0.3053181807717857973636174544,0.3
2026-04-18 00:00:00+00:00,1,BEAR,0.7274797881848392,True,4,False,BEAR_STRUCTURE,BEAR_STRUCTURE,0.3,0.95,0.3
2026-04-19 00:00:00+00:00,1,BEAR,0.9077305928623223,True,5,False,BEAR_STRUCTURE,BEAR_STRUCTURE,0.3,0.95,0.3
2026-04-20 00:00:00+00:00,2,EUPHORIA,0.9987685836523702,True,1,False,BEAR_STRUCTURE,BEAR_STRUCTURE,0.3,0.95,0.3
2026-04-21 00:00:00+00:00,2,EUPHORIA,0.9994269339430512,True,2,False,BEAR_STRUCTURE,BEAR_STRUCTURE,0.3,0.95,0.3
2026-04-22 00:00:00+00:00,2,EUPHORIA,0.9997766737105408,True,3,False,BEAR_STRUCTURE,BEAR_STRUCTURE,0.3,0.95,0.3
2026-04-23 00:00:00+00:00,2,EUPHORIA,0.999990069201174,True,4,False,BEAR_STRUCTURE,BEAR_STRUCTURE,0.3,0.95,0.3
2026-04-24 00:00:00+00:00,2,EUPHORIA,0.9999995840831571,True,5,False,BEAR_STRUCTURE,BEAR_STRUCTURE,0.3,0.95,0.3
2026-04-25 00:00:00+00:00,2,EUPHORIA,0.9999999829792615,True,6,False,BEAR_STRUCTURE,BEAR_STRUCTURE,0.3,0.95,0.3
2026-04-26 00:00:00+00:00,2,EUPHORIA,0.9999999969491,True,7,False,BEAR_STRUCTURE,BEAR_STRUCTURE,0.3,0.95,0.3
2026-04-27 00:00:00+00:00,2,EUPHORIA,0.9999999999881766,True,8,False,BEAR_STRUCTURE,BEAR_STRUCTURE,0.3,0.95,0.3
2026-04-28 00:00:00+00:00,2,EUPHORIA,0.9999999999995453,True,9,False,BEAR_STRUCTURE,BEAR_STRUCTURE,0.3,0.95,0.3
2026-04-29 00:00:00+00:00,2,EUPHORIA,1.0,True,10,False,BEAR_STRUCTURE,BEAR_STRUCTURE,0.3,0.95,0.3
2026-04-30 00:00:00+00:00,2,EUPHORIA,1.0,True,11,False,BEAR_STRUCTURE,BEAR_STRUCTURE,0.3,0.95,0.3
2026-05-01 00:00:00+00:00,2,EUPHORIA,1.0,True,12,False,BEAR_STRUCTURE,BEAR_STRUCTURE,0.3,0.95,0.3
2026-05-02 00:00:00+00:00,2,EUPHORIA,1.0,True,13,False,BEAR_STRUCTURE,BEAR_STRUCTURE,0.3,0.95,0.3
2026-05-03 00:00:00+00:00,2,EUPHORIA,1.0,True,14,False,BEAR_STRUCTURE,BEAR_STRUCTURE,0.3,0.95,0.3
2026-05-04 00:00:00+00:00,2,EUPHORIA,1.0,True,15,False,BEAR_STRUCTURE,BEAR_STRUCTURE,0.3,0.95,0.3
2026-05-05 00:00:00+00:00,2,EUPHORIA,1.0,True,16,False,BEAR_STRUCTURE,BEAR_STRUCTURE,0.3,0.95,0.3
2026-05-06 00:00:00+00:00,2,EUPHORIA,1.0,True,17,False,BEAR_STRUCTURE,BEAR_STRUCTURE,0.3,0.95,0.3
2026-05-07 00:00:00+00:00,2,EUPHORIA,1.0,True,18,False,BEAR_STRUCTURE,BEAR_STRUCTURE,0.3,0.95,0.3
2026-05-08 00:00:00+00:00,2,EUPHORIA,1.0,True,19,False,BEAR_STRUCTURE,BEAR_STRUCTURE,0.3,0.95,0.3
2026-05-09 00:00:00+00:00,2,EUPHORIA,1.0,True,20,False,BEAR_STRUCTURE,BEAR_STRUCTURE,0.3,0.95,0.3
2026-05-10 00:00:00+00:00,2,EUPHORIA,1.0,True,21,False,BEAR_STRUCTURE,BEAR_STRUCTURE,0.3,0.95,0.3
2026-05-11 00:00:00+00:00,2,EUPHORIA,1.0,True,22,False,BEAR_STRUCTURE,BEAR_STRUCTURE,0.3,0.95,0.3
2026-05-12 00:00:00+00:00,2,EUPHORIA,1.0,True,23,False,BEAR_STRUCTURE,BEAR_STRUCTURE,0.3,0.95,0.3
2026-05-13 00:00:00+00:00,2,EUPHORIA,1.0,True,24,False,BEAR_STRUCTURE,BEAR_STRUCTURE,0.3,0.95,0.3
2026-05-14 00:00:00+00:00,2,EUPHORIA,1.0,True,25,False,BEAR_STRUCTURE,BEAR_STRUCTURE,0.3,0.95,0.3
2026-05-15 00:00:00+00:00,2,EUPHORIA,1.0,True,26,False,BEAR_STRUCTURE,BEAR_STRUCTURE,0.3,0.95,0.3
2026-05-16 00:00:00+00:00,2,EUPHORIA,1.0,True,27,False,BEAR_STRUCTURE,BEAR_STRUCTURE,0.3,0.95,0.3
2026-05-17 00:00:00+00:00,2,EUPHORIA,1.0,True,28,False,BEAR_STRUCTURE,BEAR_STRUCTURE,0.3,0.95,0.3
2026-05-18 00:00:00+00:00,2,EUPHORIA,1.0,True,29,False,BEAR_STRUCTURE,BEAR_STRUCTURE,0.3,0.95,0.3
2026-05-19 00:00:00+00:00,2,EUPHORIA,1.0,True,30,False,BEAR_STRUCTURE,BEAR_STRUCTURE,0.3,0.95,0.3
2026-05-20 00:00:00+00:00,2,EUPHORIA,1.0,True,31,False,BEAR_STRUCTURE,BEAR_STRUCTURE,0.3,0.95,0.3
2026-05-21 00:00:00+00:00,2,EUPHORIA,1.0,True,32,False,BEAR_STRUCTURE,BEAR_STRUCTURE,0.3,0.95,0.3
2026-05-22 00:00:00+00:00,2,EUPHORIA,1.0,True,33,False,BEAR_STRUCTURE,BEAR_STRUCTURE,0.3,0.60,0.3
2026-05-23 00:00:00+00:00,2,EUPHORIA,1.0,True,34,False,BEAR_STRUCTURE,BEAR_STRUCTURE,0.3,0.60,0.3
2026-05-24 00:00:00+00:00,2,EUPHORIA,1.0,True,35,False,BEAR_STRUCTURE,BEAR_STRUCTURE,0.3,0.95,0.3
2026-05-25 00:00:00+00:00,2,EUPHORIA,1.0,True,36,False,BEAR_STRUCTURE,BEAR_STRUCTURE,0.3,0.95,0.3
2026-05-26 00:00:00+00:00,2,EUPHORIA,1.0,True,37,False,BEAR_STRUCTURE,BEAR_STRUCTURE,0.3,0.60,0.3
2026-05-27 00:00:00+00:00,2,EUPHORIA,1.0,True,38,False,BEAR_STRUCTURE,BEAR_STRUCTURE,0.3,0.60,0.3
2026-05-28 00:00:00+00:00,2,EUPHORIA,1.0,True,39,False,BEAR_STRUCTURE,BEAR_STRUCTURE,0.3,0.60,0.3
2026-05-29 00:00:00+00:00,2,EUPHORIA,1.0,True,40,False,BEAR_STRUCTURE,BEAR_STRUCTURE,0.3,0.60,0.3
2026-05-30 00:00:00+00:00,2,EUPHORIA,1.0,True,41,False,BEAR_STRUCTURE,BEAR_STRUCTURE,0.3,0.60,0.3
2026-05-31 00:00:00+00:00,2,EUPHORIA,1.0,True,42,False,BEAR_STRUCTURE,BEAR_STRUCTURE,0.3,0.60,0.3
2026-06-01 00:00:00+00:00,2,EUPHORIA,1.0,True,43,False,BEAR_STRUCTURE,BEAR_STRUCTURE,0.3,0.60,0.3
2026-06-02 00:00:00+00:00,2,EUPHORIA,1.0,True,44,False,BEAR_STRUCTURE,BEAR_STRUCTURE,0.3,0.60,0.3
2026-06-03 00:00:00+00:00,2,EUPHORIA,0.9999999733531698,True,45,False,BEAR_STRUCTURE,BEAR_STRUCTURE,0.3,0.60,0.3
2026-06-04 00:00:00+00:00,2,EUPHORIA,1.597957236180165e-05,False,45,False,BEAR_STRUCTURE,BEAR_STRUCTURE,0.3,0.2991607127589233756882427626,0.2991607127589233756882427626
2026-06-05 00:00:00+00:00,2,EUPHORIA,2.157858823661207e-24,False,45,False,BEAR_STRUCTURE,BEAR_STRUCTURE,0.3,0.2897499907158042941432162373,0.2897499907158042941432162373
2026-06-06 00:00:00+00:00,4,CRASH,0.9999999994538484,True,3,False,BEAR_STRUCTURE,BEAR_STRUCTURE,0.3,0.2891702859787451320644652477,0.2891702859787451320644652477
2026-06-07 00:00:00+00:00,4,CRASH,0.9999999900455805,True,4,False,BEAR_STRUCTURE,BEAR_STRUCTURE,0.3,0.2973379105809690776613084354,0.2973379105809690776613084354
2026-06-08 00:00:00+00:00,4,CRASH,0.9999921208283283,True,5,False,BEAR_STRUCTURE,BEAR_STRUCTURE,0.3,0.2965253684880315389850547108,0.2965253684880315389850547108
2026-06-09 00:00:00+00:00,4,CRASH,0.9469002941329286,True,6,False,BEAR_STRUCTURE,BEAR_STRUCTURE,0.3,0.2920129357547412446681843403,0.2920129357547412446681843403
2026-06-10 00:00:00+00:00,4,CRASH,0.7087566110476742,True,7,False,BEAR_STRUCTURE,BEAR_STRUCTURE,0.3,0.2912786835587297082055590781,0.2912786835587297082055590781
2026-06-11 00:00:00+00:00,4,CRASH,0.4872847554040748,False,7,False,BEAR_STRUCTURE,BEAR_STRUCTURE,0.3,0.2983063942863105472097988863,0.2983063942863105472097988863
2026-06-12 00:00:00+00:00,4,CRASH,0.9848835936594249,True,8,False,BEAR_STRUCTURE,BEAR_STRUCTURE,0.3,0.2981550945648348901590638542,0.2981550945648348901590638542
2026-06-13 00:00:00+00:00,4,CRASH,0.008393384428408979,False,8,False,BEAR_STRUCTURE,BEAR_STRUCTURE,0.3,0.3010329756562897414645790573,0.3
2026-06-14 00:00:00+00:00,4,CRASH,1.0237652831765528e-08,False,8,False,BEAR_STRUCTURE,BEAR_STRUCTURE,0.3,0.3041729452998767273658480389,0.3
2026-06-15 00:00:00+00:00,2,EUPHORIA,0.9937643826553452,True,3,False,BEAR_STRUCTURE,BEAR_STRUCTURE,0.3,0.60,0.3
2026-06-16 00:00:00+00:00,2,EUPHORIA,0.07988472333905232,False,3,False,BEAR_STRUCTURE,BEAR_STRUCTURE,0.3,0.2979245419164041090130235946,0.2979245419164041090130235946
2026-06-17 00:00:00+00:00,2,EUPHORIA,2.61961427986375e-05,False,3,False,BEAR_STRUCTURE,BEAR_STRUCTURE,0.3,0.2941925073139303424558009606,0.2941925073139303424558009606
2026-06-18 00:00:00+00:00,0,BEAR,0.9996674076907587,True,3,False,BEAR_STRUCTURE,BEAR_STRUCTURE,0.3,0.95,0.3
2026-06-19 00:00:00+00:00,0,BEAR,0.9976157448433945,True,4,False,BEAR_STRUCTURE,BEAR_STRUCTURE,0.3,0.95,0.3
2026-06-20 00:00:00+00:00,0,BEAR,0.9933711802854501,True,5,False,BEAR_STRUCTURE,BEAR_STRUCTURE,0.3,0.95,0.3
2026-06-21 00:00:00+00:00,0,BEAR,0.9870355836793134,True,6,False,BEAR_STRUCTURE,BEAR_STRUCTURE,0.3,0.95,0.3
2026-06-22 00:00:00+00:00,0,BEAR,0.193393247631113,False,6,False,BEAR_STRUCTURE,BEAR_STRUCTURE,0.3,0.3023410224514464074388443788,0.3
2026-06-23 00:00:00+00:00,0,BEAR,3.670747227431258e-05,False,6,False,BEAR_STRUCTURE,BEAR_STRUCTURE,0.3,0.2957581454886081725996615237,0.2957581454886081725996615237
2026-06-24 00:00:00+00:00,4,CRASH,0.9999997478453542,True,3,False,BEAR_STRUCTURE,BEAR_STRUCTURE,0.3,0.2902148360813018541746176307,0.2902148360813018541746176307
2026-06-25 00:00:00+00:00,4,CRASH,0.9999999746651159,True,4,False,BEAR_STRUCTURE,BEAR_STRUCTURE,0.3,0.2858579003761320297634861373,0.2858579003761320297634861373
2026-06-26 00:00:00+00:00,4,CRASH,0.9999999931624188,True,5,False,BEAR_STRUCTURE,BEAR_STRUCTURE,0.3,0.2868917978527665115614166005,0.2868917978527665115614166005
2026-06-27 00:00:00+00:00,4,CRASH,0.9999934220771024,True,6,False,BEAR_STRUCTURE,BEAR_STRUCTURE,0.3,0.2866593153431301908900545523,0.2866593153431301908900545523
2026-06-28 00:00:00+00:00,4,CRASH,0.9999509070103356,True,7,False,BEAR_STRUCTURE,BEAR_STRUCTURE,0.3,0.2851163038192868222103241609,0.2851163038192868222103241609
2026-06-29 00:00:00+00:00,4,CRASH,0.9999724119097012,True,8,False,BEAR_STRUCTURE,BEAR_STRUCTURE,0.3,0.2874460518715604936533820765,0.2874460518715604936533820765
2026-06-30 00:00:00+00:00,4,CRASH,0.9947168579486836,True,9,False,BEAR_STRUCTURE,BEAR_STRUCTURE,0.3,0.2818433769368030401359385812,0.2818433769368030401359385812
2026-07-01 00:00:00+00:00,4,CRASH,0.9020428059464907,True,10,False,BEAR_STRUCTURE,BEAR_STRUCTURE,0.3,0.2866422826893429371322412218,0.2866422826893429371322412218
2026-07-02 00:00:00+00:00,4,CRASH,0.5094173455027866,True,11,False,BEAR_STRUCTURE,BEAR_STRUCTURE,0.3,0.2918367369838537842576535236,0.2918367369838537842576535236
2026-07-03 00:00:00+00:00,4,CRASH,0.17327905142817804,False,11,False,BEAR_STRUCTURE,BEAR_STRUCTURE,0.3,0.2952554220159214426503981694,0.2952554220159214426503981694
2026-07-04 00:00:00+00:00,4,CRASH,0.012044602141827494,False,11,False,BEAR_STRUCTURE,BEAR_STRUCTURE,0.3,0.2971149097286302417261071692,0.2971149097286302417261071692
2026-07-05 00:00:00+00:00,4,CRASH,0.008135710097522578,False,11,False,BEAR_STRUCTURE,BEAR_STRUCTURE,0.3,0.2987844072786744534409441596,0.2987844072786744534409441596
2026-07-06 00:00:00+00:00,3,NEUTRAL,0.9956244329522858,True,3,False,BEAR_STRUCTURE,BEAR_STRUCTURE,0.3,0.95,0.3
2026-07-07 00:00:00+00:00,3,NEUTRAL,0.9994391389942969,True,4,False,BEAR_STRUCTURE,BEAR_STRUCTURE,0.3,0.95,0.3
2026-07-08 00:00:00+00:00,3,NEUTRAL,0.999888398286827,True,5,False,BEAR_STRUCTURE,BEAR_STRUCTURE,0.3,0.95,0.3
2026-07-09 00:00:00+00:00,3,NEUTRAL,0.9998603058622236,True,6,False,BEAR_STRUCTURE,BEAR_STRUCTURE,0.3,0.95,0.3
2026-07-10 00:00:00+00:00,3,NEUTRAL,0.999834427341591,True,7,False,BEAR_STRUCTURE,BEAR_STRUCTURE,0.3,0.95,0.3
2026-07-11 00:00:00+00:00,3,NEUTRAL,0.9998345608019434,True,8,False,BEAR_STRUCTURE,BEAR_STRUCTURE,0.3,0.95,0.3
2026-07-12 00:00:00+00:00,3,NEUTRAL,0.9996858249583437,True,9,False,BEAR_STRUCTURE,BEAR_STRUCTURE,0.3,0.95,0.3
2026-07-13 00:00:00+00:00,3,NEUTRAL,0.9974414416490608,True,10,False,BEAR_STRUCTURE,BEAR_STRUCTURE,0.3,0.95,0.3
2026-07-14 00:00:00+00:00,3,NEUTRAL,0.9963813997833251,True,11,False,BEAR_STRUCTURE,BEAR_STRUCTURE,0.3,0.95,0.3
2026-07-15 00:00:00+00:00,3,NEUTRAL,0.999969327013549,True,12,False,BEAR_STRUCTURE,BEAR_STRUCTURE,0.3,0.95,0.3
2026-07-16 00:00:00+00:00,3,NEUTRAL,0.9999830688303494,True,13,False,BEAR_STRUCTURE,BEAR_STRUCTURE,0.3,0.95,0.3
2026-07-17 00:00:00+00:00,3,NEUTRAL,0.9999582817539051,True,14,False,BEAR_STRUCTURE,BEAR_STRUCTURE,0.3,0.95,0.3
2026-07-18 00:00:00+00:00,3,NEUTRAL,0.9995949856260768,True,15,False,BEAR_STRUCTURE,BEAR_STRUCTURE,0.3,0.95,0.3
2026-07-19 00:00:00+00:00,3,NEUTRAL,0.9999888345410338,True,16,False,BEAR_STRUCTURE,BEAR_STRUCTURE,0.3,0.95,0.3
2026-07-20 00:00:00+00:00,3,NEUTRAL,0.9999397993523961,True,17,False,BEAR_STRUCTURE,BEAR_STRUCTURE,0.3,0.95,0.3
2026-07-21 00:00:00+00:00,3,NEUTRAL,0.9993658583020463,True,18,False,BEAR_STRUCTURE,BEAR_STRUCTURE,0.3,0.95,0.3
2026-07-22 00:00:00+00:00,3,NEUTRAL,0.9982830374105177,True,19,False,BEAR_STRUCTURE,BEAR_STRUCTURE,0.3,0.95,0.3
2026-07-23 00:00:00+00:00,3,NEUTRAL,0.9997136843278457,True,20,False,BEAR_STRUCTURE,BEAR_STRUCTURE,0.3,0.95,0.3
2026-07-24 00:00:00+00:00,3,NEUTRAL,0.9996216385452181,True,21,False,BEAR_STRUCTURE,BEAR_STRUCTURE,0.3,0.95,0.3
2026-07-25 00:00:00+00:00,3,NEUTRAL,0.9994931419067409,True,22,False,BEAR_STRUCTURE,BEAR_STRUCTURE,0.3,0.95,0.3
2026-07-26 00:00:00+00:00,3,NEUTRAL,0.9985415700368027,True,23,False,BEAR_STRUCTURE,BEAR_STRUCTURE,0.3,0.95,0.3
2026-07-27 00:00:00+00:00,3,NEUTRAL,0.9487973796369684,True,24,False,BEAR_STRUCTURE,BEAR_STRUCTURE,0.3,0.95,0.3
2026-07-28 00:00:00+00:00,3,NEUTRAL,0.9798549461775684,True,25,False,BEAR_STRUCTURE,BEAR_STRUCTURE,0.3,0.95,0.3
2026-07-29 00:00:00+00:00,3,NEUTRAL,0.9785678343805343,True,26,False,BEAR_STRUCTURE,BEAR_STRUCTURE,0.3,0.95,0.3
2026-07-30 00:00:00+00:00,3,NEUTRAL,0.9713242101580949,True,27,False,BEAR_STRUCTURE,BEAR_STRUCTURE,0.3,0.95,0.3
2026-07-31 00:00:00+00:00,3,NEUTRAL,0.9296835937771023,True,28,False,BEAR_STRUCTURE,BEAR_STRUCTURE,0.3,0.95,0.3
2026-08-01 00:00:00+00:00,3,NEUTRAL,0.9124014395800669,True,29,False,BEAR_STRUCTURE,BEAR_STRUCTURE,0.3,0.95,0.3
2026-08-02 00:00:00+00:00,3,NEUTRAL,0.5204628823485958,True,30,False,BEAR_STRUCTURE,BEAR_STRUCTURE,0.3,0.3024849731099084185037976072,0.3
2026-08-03 00:00:00+00:00,3,NEUTRAL,0.01479546965314612,False,30,False,BEAR_STRUCTURE,BEAR_STRUCTURE,0.3,0.2998353433884376609340531554,0.2998353433884376609340531554
2026-08-04 00:00:00+00:00,3,NEUTRAL,0.0006558736765615082,False,30,False,BEAR_STRUCTURE,BEAR_STRUCTURE,0.3,0.3018653257101473115368925114,0.3
